18-APR-2016 11:00:27.000000
# V5.1 FILE generated by J.J. Remedios and D. Moore
# HITRAN code of the gas:
 21
# DN:
1 1 1 1 1 1
# HOCl profile (VMR-PPMV) for lat -75.0 degrees, month 04:
  1.2463e-12  1.2463e-12  1.2463e-12  1.2463e-12  1.2463e-12  1.2463e-12
  1.2463e-12  1.2463e-12  1.2463e-12  1.2463e-12  1.2463e-12  1.2463e-12
  1.2463e-12  1.2463e-12  1.2463e-12  1.2463e-12  1.2463e-12  1.2463e-12
  1.2463e-12  1.2463e-12  1.2463e-12  1.2463e-12  1.2463e-12  1.2463e-12
  1.2463e-12  1.2463e-12  1.2463e-12  1.2463e-12  1.2463e-12  1.2463e-12
  1.2463e-12  1.2463e-12  1.2463e-12  1.2463e-12  1.2463e-12  1.2463e-12
  1.2463e-12  1.2463e-12  1.2463e-12  1.2463e-12  1.2463e-12  1.2463e-12
  1.2463e-12  1.2463e-12  1.2463e-12  1.2463e-12  1.2463e-12  1.2463e-12
  1.2463e-12  1.2463e-12  1.2463e-12  1.2463e-12  1.2463e-12  1.2463e-12
  1.2463e-12  1.2463e-12  5.7838e-11  1.1443e-10  1.7400e-10  2.4620e-10
  3.3795e-10  4.7452e-10  6.8473e-10  9.9294e-10  1.6367e-09  2.8862e-09
  4.9944e-09  9.2214e-09  1.6991e-08  2.9510e-08  4.9451e-08  8.1918e-08
  1.3568e-07  2.2791e-07  3.8116e-07  6.2249e-07  9.9364e-07  1.5531e-06
  2.3738e-06  3.5495e-06  5.1748e-06  7.3250e-06  1.0030e-05  1.3297e-05
  1.7112e-05  2.1458e-05  2.6328e-05  3.1773e-05  3.7910e-05  4.4957e-05
  5.3224e-05  6.3068e-05  7.4592e-05  8.7422e-05  1.0061e-04  1.1283e-04
  1.2248e-04  1.2797e-04  1.2817e-04  1.2282e-04  1.1255e-04  9.8570e-05
  8.2688e-05  6.6762e-05  5.2362e-05  4.0287e-05  3.0854e-05  2.3871e-05
  1.8853e-05  1.5129e-05  1.2207e-05  9.7376e-06  7.5885e-06  5.7802e-06
  4.3860e-06  3.4314e-06  2.8571e-06  2.5448e-06  2.3795e-06  2.2706e-06
  2.1871e-06
# HOCl profile (VMR-PPMV) for lat -45.0 degrees, month 04:
  3.5189e-12  3.5189e-12  3.5189e-12  3.5189e-12  3.5189e-12  3.5189e-12
  3.5189e-12  3.5189e-12  3.5189e-12  3.5189e-12  3.5189e-12  3.5189e-12
  3.5189e-12  3.5189e-12  3.5189e-12  3.5189e-12  3.5189e-12  3.5189e-12
  3.5189e-12  3.5189e-12  3.5189e-12  3.5189e-12  3.5189e-12  3.5189e-12
  3.5189e-12  3.5189e-12  3.5189e-12  3.5189e-12  3.5189e-12  3.5189e-12
  3.5189e-12  3.5189e-12  3.5189e-12  3.5189e-12  3.5189e-12  3.5189e-12
  3.5189e-12  3.5189e-12  3.5189e-12  3.5189e-12  3.5189e-12  3.5189e-12
  3.5189e-12  3.5189e-12  3.5189e-12  3.5189e-12  3.5189e-12  3.5189e-12
  3.5189e-12  3.5189e-12  3.5189e-12  3.5189e-12  3.5189e-12  3.5189e-12
  3.5189e-12  3.5189e-12  3.2608e-11  6.1698e-11  9.2639e-11  1.3007e-10
  1.7792e-10  2.4965e-10  3.6061e-10  5.2379e-10  8.4398e-10  1.4399e-09
  2.4208e-09  4.4126e-09  8.1249e-09  1.4174e-08  2.4197e-08  4.1399e-08
  7.1474e-08  1.2823e-07  2.3163e-07  4.0855e-07  7.0857e-07  1.2130e-06
  2.0356e-06  3.3622e-06  5.4389e-06  8.5575e-06  1.3013e-05  1.9204e-05
  2.7536e-05  3.8411e-05  5.2114e-05  6.8852e-05  8.8468e-05  1.1038e-04
  1.3343e-04  1.5588e-04  1.7499e-04  1.8800e-04  1.9279e-04  1.8873e-04
  1.7646e-04  1.5795e-04  1.3594e-04  1.1310e-04  9.1291e-05  7.1669e-05
  5.5040e-05  4.1677e-05  3.1499e-05  2.4021e-05  1.8747e-05  1.5050e-05
  1.2351e-05  1.0194e-05  8.3640e-06  6.7769e-06  5.4252e-06  4.3286e-06
  3.4562e-06  2.7547e-06  2.1651e-06  1.6656e-06  1.2401e-06  8.2978e-07
  5.2393e-07
# HOCl profile (VMR-PPMV) for lat -10. degrees, month 04:
  1.1686e-11  1.1686e-11  1.1686e-11  1.1686e-11  1.1686e-11  1.1686e-11
  1.1686e-11  1.1686e-11  1.1686e-11  1.1686e-11  1.1686e-11  1.1686e-11
  1.1686e-11  1.1686e-11  1.1686e-11  1.1686e-11  1.1686e-11  1.1686e-11
  1.1686e-11  1.1686e-11  1.1686e-11  1.1686e-11  1.1686e-11  1.1686e-11
  1.1686e-11  1.1686e-11  1.1686e-11  1.1686e-11  1.1686e-11  1.1686e-11
  1.1686e-11  1.1686e-11  1.1686e-11  1.1686e-11  1.1686e-11  1.1686e-11
  1.1686e-11  1.1686e-11  1.1686e-11  1.1686e-11  1.1686e-11  1.1686e-11
  1.1686e-11  1.1686e-11  1.1686e-11  1.1686e-11  1.1686e-11  1.1686e-11
  1.1686e-11  1.1686e-11  1.1686e-11  1.1686e-11  1.1686e-11  1.1686e-11
  1.1686e-11  1.1686e-11  5.3585e-11  9.5484e-11  1.3952e-10  1.9031e-10
  2.5238e-10  3.4044e-10  4.7126e-10  6.5903e-10  9.8212e-10  1.5280e-09
  2.3742e-09  3.8683e-09  6.4022e-09  1.0301e-08  1.6393e-08  2.6297e-08
  4.2894e-08  7.4018e-08  1.3175e-07  2.3357e-07  4.1576e-07  7.4609e-07
  1.3278e-06  2.3574e-06  4.1299e-06  7.0417e-06  1.1558e-05  1.8383e-05
  2.8308e-05  4.2148e-05  6.0488e-05  8.3484e-05  1.1024e-04  1.3863e-04
  1.6543e-04  1.8675e-04  1.9865e-04  1.9875e-04  1.8691e-04  1.6526e-04
  1.3721e-04  1.0692e-04  7.8223e-05  5.3745e-05  3.4579e-05  2.0873e-05
  1.2080e-05  7.0550e-06  4.4649e-06  3.1995e-06  2.6034e-06  2.3097e-06
  2.1424e-06  2.0511e-06  2.0006e-06  1.9501e-06  1.8473e-06  1.6593e-06
  1.3917e-06  1.0850e-06  7.8395e-07  5.2694e-07  3.2942e-07  1.5937e-07
  8.1564e-08
# HOCl profile (VMR-PPMV) for lat 10. degrees, month 04:
  9.3474e-12  9.3474e-12  9.3474e-12  9.3474e-12  9.3474e-12  9.3474e-12
  9.3474e-12  9.3474e-12  9.3474e-12  9.3474e-12  9.3474e-12  9.3474e-12
  9.3474e-12  9.3474e-12  9.3474e-12  9.3474e-12  9.3474e-12  9.3474e-12
  9.3474e-12  9.3474e-12  9.3474e-12  9.3474e-12  9.3474e-12  9.3474e-12
  9.3474e-12  9.3474e-12  9.3474e-12  9.3474e-12  9.3474e-12  9.3474e-12
  9.3474e-12  9.3474e-12  9.3474e-12  9.3474e-12  9.3474e-12  9.3474e-12
  9.3474e-12  9.3474e-12  9.3474e-12  9.3474e-12  9.3474e-12  9.3474e-12
  9.3474e-12  9.3474e-12  9.3474e-12  9.3474e-12  9.3474e-12  9.3474e-12
  9.3474e-12  9.3474e-12  9.3474e-12  9.3474e-12  9.3474e-12  9.3474e-12
  9.3474e-12  9.3474e-12  4.6690e-11  8.4033e-11  1.2301e-10  1.6847e-10
  2.2422e-10  3.0366e-10  4.2208e-10  5.9241e-10  8.9183e-10  1.4068e-09
  2.2146e-09  3.6660e-09  6.1563e-09  1.0015e-08  1.6028e-08  2.5723e-08
  4.1780e-08  7.1261e-08  1.2500e-07  2.1861e-07  3.8466e-07  6.8548e-07
  1.2176e-06  2.1712e-06  3.8376e-06  6.6167e-06  1.0987e-05  1.7679e-05
  2.7521e-05  4.1375e-05  5.9873e-05  8.3229e-05  1.1047e-04  1.3918e-04
  1.6569e-04  1.8579e-04  1.9575e-04  1.9385e-04  1.8085e-04  1.5952e-04
  1.3335e-04  1.0585e-04  7.9810e-05  5.7002e-05  3.8292e-05  2.4103e-05
  1.4377e-05  8.4408e-06  5.2126e-06  3.6092e-06  2.8691e-06  2.5236e-06
  2.3380e-06  2.2375e-06  2.1803e-06  2.1254e-06  2.0207e-06  1.8292e-06
  1.5498e-06  1.2200e-06  8.8749e-07  5.9722e-07  3.7112e-07  1.7086e-07
  8.8040e-08
# HOCl profile (VMR-PPMV) for lat 45 degrees, month 04:
  1.0697e-12  1.0697e-12  1.0697e-12  1.0697e-12  1.0697e-12  1.0697e-12
  1.0697e-12  1.0697e-12  1.0697e-12  1.0697e-12  1.0697e-12  1.0697e-12
  1.0697e-12  1.0697e-12  1.0697e-12  1.0697e-12  1.0697e-12  1.0697e-12
  1.0697e-12  1.0697e-12  1.0697e-12  1.0697e-12  1.0697e-12  1.0697e-12
  1.0697e-12  1.0697e-12  1.0697e-12  1.0697e-12  1.0697e-12  1.0697e-12
  1.0697e-12  1.0697e-12  1.0697e-12  1.0697e-12  1.0697e-12  1.0697e-12
  1.0697e-12  1.0697e-12  1.0697e-12  1.0697e-12  1.0697e-12  1.0697e-12
  1.0697e-12  1.0697e-12  1.0697e-12  1.0697e-12  1.0697e-12  1.0697e-12
  1.0697e-12  1.0697e-12  1.0697e-12  1.0697e-12  1.0697e-12  1.0697e-12
  1.0697e-12  1.0697e-12  2.3336e-11  4.5602e-11  6.8516e-11  9.5508e-11
  1.2849e-10  1.7528e-10  2.4480e-10  3.4457e-10  5.2897e-10  8.5933e-10
  1.3916e-09  2.4190e-09  4.2734e-09  7.2386e-09  1.2075e-08  2.0274e-08
  3.4499e-08  6.1968e-08  1.1378e-07  2.0591e-07  3.7142e-07  6.7267e-07
  1.2052e-06  2.1517e-06  3.7831e-06  6.4591e-06  1.0594e-05  1.6790e-05
  2.5699e-05  3.7961e-05  5.4013e-05  7.4046e-05  9.7623e-05  1.2367e-04
  1.5052e-04  1.7615e-04  1.9811e-04  2.1423e-04  2.2303e-04  2.2404e-04
  2.1745e-04  2.0418e-04  1.8566e-04  1.6372e-04  1.4018e-04  1.1681e-04
  9.5516e-05  7.7733e-05  6.4077e-05  5.4013e-05  4.6507e-05  4.0242e-05
  3.4158e-05  2.7802e-05  2.1459e-05  1.5708e-05  1.1042e-05  7.6711e-06
  5.4325e-06  3.9712e-06  2.9721e-06  2.2398e-06  1.6491e-06  1.0734e-06
  5.9877e-07
# HOCl profile (VMR-PPMV) for lat 75 degrees, month 04:
  2.1811e-12  2.1811e-12  2.1811e-12  2.1811e-12  2.1811e-12  2.1811e-12
  2.1811e-12  2.1811e-12  2.1811e-12  2.1811e-12  2.1811e-12  2.1811e-12
  2.1811e-12  2.1811e-12  2.1811e-12  2.1811e-12  2.1811e-12  2.1811e-12
  2.1811e-12  2.1811e-12  2.1811e-12  2.1811e-12  2.1811e-12  2.1811e-12
  2.1811e-12  2.1811e-12  2.1811e-12  2.1811e-12  2.1811e-12  2.1811e-12
  2.1811e-12  2.1811e-12  2.1811e-12  2.1811e-12  2.1811e-12  2.1811e-12
  2.1811e-12  2.1811e-12  2.1811e-12  2.1811e-12  2.1811e-12  2.1811e-12
  2.1811e-12  2.1811e-12  2.1811e-12  2.1811e-12  2.1811e-12  2.1811e-12
  2.1811e-12  2.1811e-12  2.1811e-12  2.1811e-12  2.1811e-12  2.1811e-12
  2.1811e-12  2.1811e-12  1.7721e-11  3.3261e-11  4.9785e-11  6.9560e-11
  9.4642e-11  1.3189e-10  1.8913e-10  2.7298e-10  4.4750e-10  7.8555e-10
  1.3553e-09  2.6106e-09  5.0678e-09  9.1849e-09  1.6241e-08  2.8746e-08
  5.1183e-08  9.5108e-08  1.7764e-07  3.2246e-07  5.7499e-07  1.0134e-06
  1.7502e-06  2.9730e-06  4.9264e-06  7.8952e-06  1.2156e-05  1.8056e-05
  2.5905e-05  3.5954e-05  4.8291e-05  6.2868e-05  7.9409e-05  9.7510e-05
  1.1671e-04  1.3653e-04  1.5626e-04  1.7494e-04  1.9139e-04  2.0434e-04
  2.1260e-04  2.1526e-04  2.1197e-04  2.0303e-04  1.8925e-04  1.7182e-04
  1.5246e-04  1.3291e-04  1.1465e-04  9.8336e-05  8.4073e-05  7.1342e-05
  5.9514e-05  4.8181e-05  3.7482e-05  2.7820e-05  1.9724e-05  1.3527e-05
  9.2028e-06  6.4075e-06  4.7568e-06  3.8521e-06  3.3604e-06  2.9661e-06
  2.7499e-06
# HOCl profile (VMR-PPMV) for lat -75.0 degrees, month 04:
  1.2463e-12  1.2463e-12  1.2463e-12  1.2463e-12  1.2463e-12  1.2463e-12
  1.2463e-12  1.2463e-12  1.2463e-12  1.2463e-12  1.2463e-12  1.2463e-12
  1.2463e-12  1.2463e-12  1.2463e-12  1.2463e-12  1.2463e-12  1.2463e-12
  1.2463e-12  1.2463e-12  1.2463e-12  1.2463e-12  1.2463e-12  1.2463e-12
  1.2463e-12  1.2463e-12  1.2463e-12  1.2463e-12  1.2463e-12  1.2463e-12
  1.2463e-12  1.2463e-12  1.2463e-12  1.2463e-12  1.2463e-12  1.2463e-12
  1.2463e-12  1.2463e-12  1.2463e-12  1.2463e-12  1.2463e-12  1.2463e-12
  1.2463e-12  1.2463e-12  1.2463e-12  1.2463e-12  1.2463e-12  1.2463e-12
  1.2463e-12  1.2463e-12  1.2463e-12  1.2463e-12  1.2463e-12  1.2463e-12
  1.2463e-12  3.7223e-11  1.4102e-10  2.4483e-10  3.5380e-10  4.8425e-10
  6.4815e-10  8.8887e-10  1.2559e-09  1.7910e-09  2.8451e-09  4.8163e-09
  8.0725e-09  1.4275e-08  2.5295e-08  4.2688e-08  6.9778e-08  1.1290e-07
  1.8291e-07  3.0048e-07  4.9251e-07  7.9080e-07  1.2433e-06  1.9148e-06
  2.8834e-06  4.2447e-06  6.0899e-06  8.4833e-06  1.1436e-05  1.4930e-05
  1.8923e-05  2.3377e-05  2.8268e-05  3.3645e-05  3.9633e-05  4.6472e-05
  5.4501e-05  6.4108e-05  7.5422e-05  8.8091e-05  1.0118e-04  1.1335e-04
  1.2301e-04  1.2854e-04  1.2879e-04  1.2346e-04  1.1317e-04  9.9126e-05
  8.3141e-05  6.7097e-05  5.2589e-05  4.0427e-05  3.0931e-05  2.3910e-05
  1.8869e-05  1.5117e-05  1.2130e-05  9.5274e-06  7.1704e-06  5.1001e-06
  3.4369e-06  2.2554e-06  1.5335e-06  1.1599e-06  1.0005e-06  9.3075e-07
  9.0399e-07
# HOCl profile (VMR-PPMV) for lat -45.0 degrees, month 04:
  3.5189e-12  3.5189e-12  3.5189e-12  3.5189e-12  3.5189e-12  3.5189e-12
  3.5189e-12  3.5189e-12  3.5189e-12  3.5189e-12  3.5189e-12  3.5189e-12
  3.5189e-12  3.5189e-12  3.5189e-12  3.5189e-12  3.5189e-12  3.5189e-12
  3.5189e-12  3.5189e-12  3.5189e-12  3.5189e-12  3.5189e-12  3.5189e-12
  3.5189e-12  3.5189e-12  3.5189e-12  3.5189e-12  3.5189e-12  3.5189e-12
  3.5189e-12  3.5189e-12  3.5189e-12  3.5189e-12  3.5189e-12  3.5189e-12
  3.5189e-12  3.5189e-12  3.5189e-12  3.5189e-12  3.5189e-12  3.5189e-12
  3.5189e-12  3.5189e-12  3.5189e-12  3.5189e-12  3.5189e-12  3.5189e-12
  3.5189e-12  3.5189e-12  3.5189e-12  3.5189e-12  3.5189e-12  3.5189e-12
  3.5189e-12  4.3959e-11  1.1068e-10  1.7740e-10  2.4896e-10  3.3857e-10
  4.5657e-10  6.3946e-10  9.2891e-10  1.3601e-09  2.1860e-09  3.6922e-09
  6.1388e-09  1.0826e-08  1.9222e-08  3.2573e-08  5.3846e-08  8.8773e-08
  1.4737e-07  2.5182e-07  4.3310e-07  7.3134e-07  1.2168e-06  1.9984e-06
  3.2223e-06  5.1126e-06  7.9500e-06  1.2046e-05  1.7687e-05  2.5231e-05
  3.5007e-05  4.7301e-05  6.2265e-05  7.9944e-05  1.0006e-04  1.2196e-04
  1.4454e-04  1.6614e-04  1.8413e-04  1.9586e-04  1.9929e-04  1.9390e-04
  1.8035e-04  1.6075e-04  1.3785e-04  1.1437e-04  9.2105e-05  7.2185e-05
  5.5363e-05  4.1873e-05  3.1606e-05  2.4053e-05  1.8691e-05  1.4870e-05
  1.1980e-05  9.5617e-06  7.4154e-06  5.4943e-06  3.8482e-06  2.5553e-06
  1.6247e-06  1.0061e-06  6.1675e-07  3.8823e-07  2.5888e-07  1.6621e-07
  1.1365e-07
# HOCl profile (VMR-PPMV) for lat -10. degrees, month 04:
  1.1686e-11  1.1686e-11  1.1686e-11  1.1686e-11  1.1686e-11  1.1686e-11
  1.1686e-11  1.1686e-11  1.1686e-11  1.1686e-11  1.1686e-11  1.1686e-11
  1.1686e-11  1.1686e-11  1.1686e-11  1.1686e-11  1.1686e-11  1.1686e-11
  1.1686e-11  1.1686e-11  1.1686e-11  1.1686e-11  1.1686e-11  1.1686e-11
  1.1686e-11  1.1686e-11  1.1686e-11  1.1686e-11  1.1686e-11  1.1686e-11
  1.1686e-11  1.1686e-11  1.1686e-11  1.1686e-11  1.1686e-11  1.1686e-11
  1.1686e-11  1.1686e-11  1.1686e-11  1.1686e-11  1.1686e-11  1.1686e-11
  1.1686e-11  1.1686e-11  1.1686e-11  1.1686e-11  1.1686e-11  1.1686e-11
  1.1686e-11  1.1686e-11  1.1686e-11  1.1686e-11  1.1686e-11  1.1686e-11
  1.1686e-11  6.5294e-11  1.3335e-10  2.0141e-10  2.7396e-10  3.6416e-10
  4.8188e-10  6.6256e-10  9.4661e-10  1.3682e-09  2.0980e-09  3.3260e-09
  5.2172e-09  8.4488e-09  1.3781e-08  2.1832e-08  3.4230e-08  5.4196e-08
  8.7509e-08  1.4985e-07  2.6512e-07  4.6742e-07  8.2545e-07  1.4586e-06
  2.5394e-06  4.3583e-06  7.3070e-06  1.1859e-05  1.8511e-05  2.7949e-05
  4.0887e-05  5.8004e-05  7.9700e-05  1.0586e-04  1.3522e-04  1.6532e-04
  1.9265e-04  2.1315e-04  2.2296e-04  2.1992e-04  2.0432e-04  1.7874e-04
  1.4697e-04  1.1349e-04  8.2318e-05  5.6088e-05  3.5793e-05  2.1433e-05
  1.2275e-05  7.0083e-06  4.1868e-06  2.6665e-06  1.7953e-06  1.2301e-06
  8.2386e-07  5.5533e-07  3.9905e-07  3.1959e-07  2.7590e-07  2.3929e-07
  1.9872e-07  1.5563e-07  1.1445e-07  7.9278e-08  5.1710e-08  2.7337e-08
  1.4972e-08
# HOCl profile (VMR-PPMV) for lat 10. degrees, month 04:
  9.3474e-12  9.3474e-12  9.3474e-12  9.3474e-12  9.3474e-12  9.3474e-12
  9.3474e-12  9.3474e-12  9.3474e-12  9.3474e-12  9.3474e-12  9.3474e-12
  9.3474e-12  9.3474e-12  9.3474e-12  9.3474e-12  9.3474e-12  9.3474e-12
  9.3474e-12  9.3474e-12  9.3474e-12  9.3474e-12  9.3474e-12  9.3474e-12
  9.3474e-12  9.3474e-12  9.3474e-12  9.3474e-12  9.3474e-12  9.3474e-12
  9.3474e-12  9.3474e-12  9.3474e-12  9.3474e-12  9.3474e-12  9.3474e-12
  9.3474e-12  9.3474e-12  9.3474e-12  9.3474e-12  9.3474e-12  9.3474e-12
  9.3474e-12  9.3474e-12  9.3474e-12  9.3474e-12  9.3474e-12  9.3474e-12
  9.3474e-12  9.3474e-12  9.3474e-12  9.3474e-12  9.3474e-12  9.3474e-12
  1.0528e-11  7.1963e-11  1.3340e-10  1.9483e-10  2.6029e-10  3.4308e-10
  4.5236e-10  6.2216e-10  8.9133e-10  1.2927e-09  2.0034e-09  3.2213e-09
  5.1205e-09  8.4101e-09  1.3886e-08  2.2196e-08  3.4886e-08  5.4977e-08
  8.7800e-08  1.4752e-07  2.5576e-07  4.4351e-07  7.7405e-07  1.3615e-06
  2.3756e-06  4.1159e-06  6.9972e-06  1.1533e-05  1.8267e-05  2.7944e-05
  4.1311e-05  5.9048e-05  8.1523e-05  1.0858e-04  1.3880e-04  1.6937e-04
  1.9632e-04  2.1526e-04  2.2256e-04  2.1682e-04  1.9930e-04  1.7333e-04
  1.4288e-04  1.1187e-04  8.3257e-05  5.8768e-05  3.9077e-05  2.4396e-05
  1.4430e-05  8.3230e-06  4.8836e-06  3.0175e-06  1.9833e-06  1.3455e-06
  9.0331e-07  6.1077e-07  4.3355e-07  3.3493e-07  2.7810e-07  2.3525e-07
  1.9289e-07  1.4936e-07  1.0833e-07  7.3671e-08  4.6974e-08  2.3434e-08
  1.2824e-08
# HOCl profile (VMR-PPMV) for lat 45 degrees, month 04:
  1.0697e-12  1.0697e-12  1.0697e-12  1.0697e-12  1.0697e-12  1.0697e-12
  1.0697e-12  1.0697e-12  1.0697e-12  1.0697e-12  1.0697e-12  1.0697e-12
  1.0697e-12  1.0697e-12  1.0697e-12  1.0697e-12  1.0697e-12  1.0697e-12
  1.0697e-12  1.0697e-12  1.0697e-12  1.0697e-12  1.0697e-12  1.0697e-12
  1.0697e-12  1.0697e-12  1.0697e-12  1.0697e-12  1.0697e-12  1.0697e-12
  1.0697e-12  1.0697e-12  1.0697e-12  1.0697e-12  1.0697e-12  1.0697e-12
  1.0697e-12  1.0697e-12  1.0697e-12  1.0697e-12  1.0697e-12  1.0697e-12
  1.0697e-12  1.0697e-12  1.0697e-12  1.0697e-12  1.0697e-12  1.0697e-12
  1.0697e-12  1.0697e-12  1.0697e-12  1.0697e-12  1.0697e-12  1.0697e-12
  1.0697e-12  4.6893e-11  9.5953e-11  1.4501e-10  1.9711e-10  2.6122e-10
  3.4408e-10  4.6986e-10  6.6614e-10  9.5622e-10  1.4874e-09  2.4251e-09
  3.9180e-09  6.6650e-09  1.1454e-08  1.8947e-08  3.0786e-08  5.0181e-08
  8.2797e-08  1.4290e-07  2.5167e-07  4.3864e-07  7.6168e-07  1.3232e-06
  2.2737e-06  3.8759e-06  6.4889e-06  1.0551e-05  1.6519e-05  2.4990e-05
  3.6522e-05  5.1576e-05  7.0316e-05  9.2555e-05  1.1750e-04  1.4384e-04
  1.6989e-04  1.9375e-04  2.1330e-04  2.2674e-04  2.3291e-04  2.3156e-04
  2.2302e-04  2.0822e-04  1.8859e-04  1.6586e-04  1.4176e-04  1.1798e-04
  9.6378e-05  7.8359e-05  6.4525e-05  5.4322e-05  4.6690e-05  4.0272e-05
  3.3969e-05  2.7299e-05  2.0548e-05  1.4329e-05  9.2118e-06  5.4888e-06
  3.0706e-06  1.6306e-06  8.4060e-07  4.5127e-07  2.7458e-07  1.5664e-07
  9.7553e-08
# HOCl profile (VMR-PPMV) for lat 75 degrees, month 04:
  2.1811e-12  2.1811e-12  2.1811e-12  2.1811e-12  2.1811e-12  2.1811e-12
  2.1811e-12  2.1811e-12  2.1811e-12  2.1811e-12  2.1811e-12  2.1811e-12
  2.1811e-12  2.1811e-12  2.1811e-12  2.1811e-12  2.1811e-12  2.1811e-12
  2.1811e-12  2.1811e-12  2.1811e-12  2.1811e-12  2.1811e-12  2.1811e-12
  2.1811e-12  2.1811e-12  2.1811e-12  2.1811e-12  2.1811e-12  2.1811e-12
  2.1811e-12  2.1811e-12  2.1811e-12  2.1811e-12  2.1811e-12  2.1811e-12
  2.1811e-12  2.1811e-12  2.1811e-12  2.1811e-12  2.1811e-12  2.1811e-12
  2.1811e-12  2.1811e-12  2.1811e-12  2.1811e-12  2.1811e-12  2.1811e-12
  2.1811e-12  2.1811e-12  2.1811e-12  2.1811e-12  2.1811e-12  2.1811e-12
  2.1811e-12  9.6804e-12  4.9273e-11  8.8865e-11  1.3101e-10  1.8291e-10
  2.5016e-10  3.5251e-10  5.1252e-10  7.4924e-10  1.2053e-09  2.0417e-09
  3.4060e-09  6.1500e-09  1.1240e-08  1.9516e-08  3.3173e-08  5.6493e-08
  9.7058e-08  1.7352e-07  3.1302e-07  5.5233e-07  9.5998e-07  1.6486e-06
  2.7750e-06  4.5798e-06  7.3506e-06  1.1387e-05  1.6936e-05  2.4258e-05
  3.3532e-05  4.4845e-05  5.8119e-05  7.3143e-05  8.9555e-05  1.0696e-04
  1.2502e-04  1.4344e-04  1.6172e-04  1.7909e-04  1.9448e-04  2.0666e-04
  2.1438e-04  2.1670e-04  2.1320e-04  2.0413e-04  1.9024e-04  1.7273e-04
  1.5327e-04  1.3362e-04  1.1526e-04  9.8865e-05  8.4534e-05  7.1757e-05
  5.9902e-05  4.8528e-05  3.7733e-05  2.7874e-05  1.9466e-05  1.2863e-05
  8.1030e-06  4.9282e-06  3.0174e-06  1.9911e-06  1.4926e-06  1.1691e-06
  1.0618e-06
# Last line of file.
