21-JAN-2014 12:01:57.000000
# V5 INTERIM FILE generated by J.J. Remedios and H. Sembhi
# HITRAN code of the gas:
  3
# DN:
1 1 1 1 1 1
# O3 profile (VMR-PPMV) for lat -75.0 degrees, month 04:
  5.0000e-04  8.5067e-04  1.3473e-03  2.1333e-03  3.3800e-03  5.3567e-03
  8.5067e-03  1.3473e-02  2.0867e-02  3.1867e-02  4.6233e-02  6.5233e-02
  8.9367e-02  1.2137e-01  1.6933e-01  2.4200e-01  3.6400e-01  5.6033e-01
  8.2833e-01  1.1833e+00  1.4700e+00  1.6800e+00  1.6933e+00  1.6333e+00
  1.5000e+00  1.3767e+00  1.2633e+00  1.1633e+00  1.0627e+00  9.6300e-01
  8.5333e-01  7.4633e-01  6.3800e-01  5.4167e-01  4.5800e-01  3.8967e-01
  3.3500e-01  2.9000e-01  2.5233e-01  2.1967e-01  1.9933e-01  1.8855e-01
  1.8565e-01  1.8130e-01  1.7697e-01  1.7265e-01  1.6834e-01  1.6403e-01
  1.5973e-01  1.5544e-01  1.5516e-01  1.6339e-01  1.8005e-01  2.0111e-01
  2.2198e-01  2.5079e-01  2.8817e-01  3.3404e-01  3.8025e-01  4.3034e-01
  4.8993e-01  5.5885e-01  6.3292e-01  7.2361e-01  8.4476e-01  9.9638e-01
  1.1615e+00  1.3394e+00  1.5320e+00  1.7390e+00  1.9472e+00  2.1813e+00
  2.4426e+00  2.7319e+00  3.0239e+00  3.3231e+00  3.6308e+00  3.9443e+00
  4.2422e+00  4.5231e+00  4.7732e+00  4.9247e+00  4.9769e+00  4.9463e+00
  4.9198e+00  4.8974e+00  4.8529e+00  4.7566e+00  4.6079e+00  4.4027e+00
  4.1534e+00  3.9480e+00  3.8560e+00  3.8204e+00  3.7216e+00  3.5717e+00
  3.4577e+00  3.3991e+00  3.3411e+00  3.1660e+00  2.8909e+00  2.5346e+00
  2.1633e+00  1.7775e+00  1.3698e+00  1.0176e+00  7.3453e-01  5.4262e-01
  4.0945e-01  3.2099e-01  2.5077e-01  1.9661e-01  1.5822e-01  1.2456e-01
  9.0076e-02  5.2431e-02  2.8462e-02  1.8885e-02  2.0056e-02  2.0046e-02
  1.6300e-02
# O3 profile (VMR-PPMV) for lat -45.0 degrees, month 04:
  3.6650e-04  5.8990e-04  9.0573e-04  1.4126e-03  2.2693e-03  3.6737e-03
  5.8107e-03  9.0763e-03  1.4271e-02  2.3103e-02  3.6693e-02  5.2897e-02
  7.1773e-02  9.4410e-02  1.2514e-01  1.6647e-01  2.2200e-01  2.9687e-01
  3.9753e-01  5.3197e-01  6.7067e-01  7.6737e-01  8.0773e-01  8.1290e-01
  8.1813e-01  8.2337e-01  8.2863e-01  8.3390e-01  8.3917e-01  8.4440e-01
  8.0840e-01  7.3323e-01  6.2537e-01  5.3127e-01  4.5250e-01  3.8950e-01
  3.3950e-01  3.0050e-01  2.6687e-01  2.3713e-01  2.1786e-01  2.0777e-01
  2.0584e-01  2.0391e-01  2.0200e-01  2.0009e-01  1.9819e-01  2.0038e-01
  2.1258e-01  2.3478e-01  2.6276e-01  2.9058e-01  3.2492e-01  3.6792e-01
  4.1945e-01  4.7273e-01  5.2879e-01  5.9525e-01  6.7208e-01  7.5604e-01
  8.4800e-01  9.6025e-01  1.0924e+00  1.2359e+00  1.3882e+00  1.5561e+00
  1.7393e+00  1.9280e+00  2.1449e+00  2.4029e+00  2.7014e+00  3.0115e+00
  3.3387e+00  3.6931e+00  4.0748e+00  4.4837e+00  4.9291e+00  5.4126e+00
  5.8956e+00  6.3126e+00  6.6624e+00  6.9566e+00  7.2035e+00  7.4037e+00
  7.5443e+00  7.6051e+00  7.5849e+00  7.4590e+00  7.1966e+00  6.8866e+00
  6.7015e+00  6.6463e+00  6.5078e+00  6.1628e+00  5.6994e+00  5.2124e+00
  4.6629e+00  4.0311e+00  3.3395e+00  2.6524e+00  2.0093e+00  1.4490e+00
  9.9822e-01  6.7896e-01  4.7577e-01  3.5006e-01  2.6334e-01  2.0427e-01
  1.6325e-01  1.3250e-01  1.0690e-01  8.3436e-02  6.4147e-02  5.0937e-02
  4.0213e-02  3.0746e-02  2.3792e-02  1.9159e-02  1.7951e-02  1.8939e-02
  2.2180e-02
# O3 profile (VMR-PPMV) for lat -10. degrees, month 04:
  4.1520e-04  6.8060e-04  1.0612e-03  1.6940e-03  2.7587e-03  4.4337e-03
  7.1433e-03  1.1521e-02  1.9140e-02  3.2353e-02  4.8900e-02  6.9030e-02
  9.2797e-02  1.2531e-01  1.6933e-01  2.2780e-01  3.0560e-01  4.0940e-01
  5.4833e-01  6.8343e-01  7.7510e-01  8.0827e-01  8.1333e-01  8.1840e-01
  8.2347e-01  8.2850e-01  8.3350e-01  8.3847e-01  8.4343e-01  8.1870e-01
  7.5463e-01  6.5693e-01  5.6093e-01  4.7987e-01  4.1320e-01  3.5983e-01
  3.1777e-01  2.8303e-01  2.5223e-01  2.3182e-01  2.2057e-01  2.1734e-01
  2.1410e-01  2.1086e-01  2.0762e-01  2.1180e-01  2.2642e-01  2.5149e-01
  2.7955e-01  3.0849e-01  3.4437e-01  3.8716e-01  4.3562e-01  4.8353e-01
  5.4050e-01  6.1105e-01  6.9509e-01  7.8238e-01  8.8289e-01  9.9890e-01
  1.1309e+00  1.2640e+00  1.3990e+00  1.5353e+00  1.6733e+00  1.8124e+00
  1.9725e+00  2.1534e+00  2.3523e+00  2.5540e+00  2.7842e+00  3.0432e+00
  3.3300e+00  3.6529e+00  4.0126e+00  4.4064e+00  4.8335e+00  5.2947e+00
  5.7907e+00  6.3451e+00  6.9613e+00  7.6402e+00  8.2501e+00  8.7861e+00
  9.2462e+00  9.5172e+00  9.6050e+00  9.7676e+00  1.0183e+01  1.0402e+01
  1.0165e+01  9.5135e+00  8.8572e+00  7.9946e+00  6.8941e+00  5.5900e+00
  4.3488e+00  3.2118e+00  2.2251e+00  1.4454e+00  8.9540e-01  5.6112e-01
  3.4497e-01  2.0959e-01  1.3243e-01  9.3344e-02  6.9732e-02  5.4784e-02
  4.7948e-02  4.5324e-02  4.4159e-02  4.1911e-02  3.9612e-02  3.7363e-02
  3.5180e-02  3.3032e-02  3.0499e-02  2.7140e-02  2.3479e-02  2.0460e-02
  1.8500e-02
# O3 profile (VMR-PPMV) for lat 10. degrees, month 04:
  4.1520e-04  6.8060e-04  1.0612e-03  1.6940e-03  2.7587e-03  4.4337e-03
  7.1433e-03  1.1521e-02  1.9140e-02  3.2353e-02  4.8900e-02  6.9030e-02
  9.2797e-02  1.2531e-01  1.6933e-01  2.2780e-01  3.0560e-01  4.0940e-01
  5.4833e-01  6.8343e-01  7.7510e-01  8.0827e-01  8.1333e-01  8.1840e-01
  8.2347e-01  8.2850e-01  8.3350e-01  8.3847e-01  8.4343e-01  8.1870e-01
  7.5463e-01  6.5693e-01  5.6093e-01  4.7987e-01  4.1320e-01  3.5983e-01
  3.1777e-01  2.8303e-01  2.5223e-01  2.3143e-01  2.1940e-01  2.1499e-01
  2.1059e-01  2.0617e-01  2.0176e-01  2.0451e-01  2.1827e-01  2.4299e-01
  2.7148e-01  3.0097e-01  3.3870e-01  3.8460e-01  4.3720e-01  4.8918e-01
  5.5116e-01  6.2755e-01  7.1814e-01  8.1186e-01  9.1631e-01  1.0329e+00
  1.1620e+00  1.2913e+00  1.4219e+00  1.5535e+00  1.6860e+00  1.8208e+00
  1.9757e+00  2.1509e+00  2.3424e+00  2.5405e+00  2.7712e+00  3.0348e+00
  3.3305e+00  3.6566e+00  4.0139e+00  4.4039e+00  4.8351e+00  5.3081e+00
  5.8319e+00  6.4249e+00  7.0881e+00  7.7784e+00  8.3910e+00  8.9247e+00
  9.3325e+00  9.5352e+00  9.6205e+00  9.8389e+00  1.0199e+01  1.0302e+01
  9.9816e+00  9.3924e+00  8.7492e+00  7.8840e+00  6.7643e+00  5.4965e+00
  4.2925e+00  3.1913e+00  2.2410e+00  1.4696e+00  9.3629e-01  6.0190e-01
  3.9728e-01  2.6023e-01  1.7383e-01  1.2950e-01  9.7979e-02  7.7569e-02
  6.5346e-02  5.8194e-02  5.4061e-02  5.1504e-02  4.9036e-02  4.6621e-02
  4.4281e-02  4.1982e-02  3.9588e-02  3.6897e-02  3.2895e-02  2.6704e-02
  1.8500e-02
# O3 profile (VMR-PPMV) for lat 45 degrees, month 04:
  3.6650e-04  5.8990e-04  9.0573e-04  1.4126e-03  2.2693e-03  3.6737e-03
  5.8107e-03  9.0763e-03  1.4271e-02  2.3103e-02  3.6693e-02  5.2897e-02
  7.1773e-02  9.4410e-02  1.2514e-01  1.6647e-01  2.2200e-01  2.9687e-01
  3.9753e-01  5.3197e-01  6.7067e-01  7.6737e-01  8.0773e-01  8.1290e-01
  8.1813e-01  8.2337e-01  8.2863e-01  8.3390e-01  8.3917e-01  8.4440e-01
  8.0840e-01  7.3323e-01  6.2537e-01  5.3127e-01  4.5250e-01  3.8950e-01
  3.3950e-01  3.0050e-01  2.6687e-01  2.4867e-01  2.4428e-01  2.5239e-01
  2.6040e-01  2.6830e-01  2.7609e-01  2.8382e-01  2.9149e-01  3.0332e-01
  3.2675e-01  3.6165e-01  4.0376e-01  4.4556e-01  4.8806e-01  5.3167e-01
  5.7640e-01  6.2130e-01  6.6990e-01  7.3530e-01  8.1731e-01  9.1183e-01
  1.0127e+00  1.1293e+00  1.2618e+00  1.4024e+00  1.5490e+00  1.7058e+00
  1.8734e+00  2.0441e+00  2.2372e+00  2.4658e+00  2.7301e+00  3.0062e+00
  3.3067e+00  3.6524e+00  4.0441e+00  4.4803e+00  4.9730e+00  5.5253e+00
  6.1038e+00  6.6599e+00  7.1918e+00  7.6853e+00  8.1217e+00  8.5009e+00
  8.7721e+00  8.8850e+00  8.8374e+00  8.6552e+00  8.3393e+00  7.9415e+00
  7.6255e+00  7.4211e+00  7.1335e+00  6.6562e+00  6.0698e+00  5.5163e+00
  4.9819e+00  4.4276e+00  3.8216e+00  3.1629e+00  2.4819e+00  1.8456e+00
  1.3361e+00  9.6635e-01  7.3299e-01  5.8236e-01  4.8681e-01  4.1677e-01
  3.5204e-01  2.9113e-01  2.2915e-01  1.7290e-01  1.2812e-01  1.0075e-01
  8.2292e-02  6.5688e-02  5.3720e-02  4.5633e-02  4.0306e-02  3.2325e-02
  2.2180e-02
# O3 profile (VMR-PPMV) for lat 75 degrees, month 04:
  5.0000e-04  8.5067e-04  1.3473e-03  2.1333e-03  3.3800e-03  5.3567e-03
  8.5067e-03  1.3473e-02  2.0867e-02  3.1867e-02  4.6233e-02  6.5233e-02
  8.9367e-02  1.2137e-01  1.6933e-01  2.4200e-01  3.6400e-01  5.6033e-01
  8.3167e-01  1.1900e+00  1.4833e+00  1.7033e+00  1.7300e+00  1.6833e+00
  1.5633e+00  1.4533e+00  1.3500e+00  1.2533e+00  1.1533e+00  1.0560e+00
  9.4733e-01  8.3967e-01  7.2667e-01  6.2467e-01  5.3833e-01  4.7033e-01
  4.2200e-01  3.8367e-01  3.5367e-01  3.3492e-01  3.2674e-01  3.2845e-01
  3.3013e-01  3.3179e-01  3.3342e-01  3.3504e-01  3.3663e-01  3.3820e-01
  3.3976e-01  3.4190e-01  3.5085e-01  3.6655e-01  3.8839e-01  4.1006e-01
  4.3938e-01  4.8158e-01  5.3654e-01  5.9635e-01  6.6132e-01  7.4148e-01
  8.3642e-01  9.4048e-01  1.0521e+00  1.1766e+00  1.3133e+00  1.4539e+00
  1.6182e+00  1.8104e+00  2.0300e+00  2.2522e+00  2.5090e+00  2.8078e+00
  3.1489e+00  3.4976e+00  3.8807e+00  4.3123e+00  4.7928e+00  5.2742e+00
  5.7339e+00  6.1731e+00  6.5183e+00  6.7113e+00  6.7494e+00  6.7203e+00
  6.6909e+00  6.6613e+00  6.5664e+00  6.3869e+00  6.1220e+00  5.8076e+00
  5.4534e+00  5.1602e+00  5.0083e+00  4.9386e+00  4.8015e+00  4.5820e+00
  4.3872e+00  4.2368e+00  4.0326e+00  3.7322e+00  3.3541e+00  2.9514e+00
  2.5295e+00  2.1127e+00  1.7220e+00  1.3738e+00  1.1016e+00  9.0345e-01
  7.6531e-01  6.4000e-01  5.2093e-01  4.0745e-01  3.0728e-01  2.2328e-01
  1.5913e-01  1.0223e-01  6.5522e-02  4.0880e-02  3.3114e-02  2.2590e-02
  1.0000e-02
# O3 profile (VMR-PPMV) for lat -75.0 degrees, month 04:
  5.0000e-04  8.5067e-04  1.3473e-03  2.1333e-03  3.3800e-03  5.3567e-03
  8.5067e-03  1.3473e-02  2.0867e-02  3.1867e-02  4.6233e-02  6.5233e-02
  8.9367e-02  1.2137e-01  1.6933e-01  2.4200e-01  3.6400e-01  5.6033e-01
  8.2833e-01  1.1833e+00  1.4700e+00  1.6800e+00  1.6933e+00  1.6333e+00
  1.5000e+00  1.3767e+00  1.2633e+00  1.1633e+00  1.0627e+00  9.6300e-01
  8.5333e-01  7.4633e-01  6.3800e-01  5.4167e-01  4.5800e-01  3.8967e-01
  3.3500e-01  2.9000e-01  2.5233e-01  2.1967e-01  1.9933e-01  2.3521e-01
  3.2541e-01  4.6048e-01  5.9507e-01  7.2942e-01  8.6362e-01  9.9756e-01
  1.1312e+00  1.2440e+00  1.2948e+00  1.2836e+00  1.2314e+00  1.1799e+00
  1.1415e+00  1.1160e+00  1.1031e+00  1.0902e+00  1.0743e+00  1.0536e+00
  1.0283e+00  1.0013e+00  1.0078e+00  1.0497e+00  1.1268e+00  1.2173e+00
  1.3306e+00  1.4666e+00  1.6134e+00  1.7837e+00  1.9826e+00  2.2103e+00
  2.4436e+00  2.7148e+00  3.0260e+00  3.3732e+00  3.6903e+00  3.9758e+00
  4.2157e+00  4.3576e+00  4.4011e+00  4.3719e+00  4.3701e+00  4.3961e+00
  4.4161e+00  4.3522e+00  4.2034e+00  4.0018e+00  3.8406e+00  3.7208e+00
  3.6402e+00  3.5646e+00  3.4659e+00  3.3378e+00  3.2587e+00  3.2661e+00
  3.3583e+00  3.4561e+00  3.4338e+00  3.2533e+00  2.9667e+00  2.6554e+00
  2.3168e+00  1.8977e+00  1.4483e+00  1.0591e+00  7.6036e-01  5.5437e-01
  4.1346e-01  3.1261e-01  2.3917e-01  1.8296e-01  1.4378e-01  1.1384e-01
  8.4131e-02  5.1473e-02  2.8764e-02  1.8885e-02  2.0056e-02  2.0046e-02
  1.6300e-02
# O3 profile (VMR-PPMV) for lat -45.0 degrees, month 04:
  3.6650e-04  5.8990e-04  9.0573e-04  1.4126e-03  2.2693e-03  3.6737e-03
  5.8107e-03  9.0763e-03  1.4271e-02  2.3103e-02  3.6693e-02  5.2897e-02
  7.1773e-02  9.4410e-02  1.2514e-01  1.6647e-01  2.2200e-01  2.9687e-01
  3.9753e-01  5.3197e-01  6.7067e-01  7.6737e-01  8.0773e-01  8.1290e-01
  8.1813e-01  8.2337e-01  8.2863e-01  8.3390e-01  8.3917e-01  8.4440e-01
  8.0840e-01  7.3323e-01  6.2537e-01  5.3127e-01  4.5250e-01  3.8950e-01
  3.3950e-01  3.0050e-01  2.6687e-01  2.3713e-01  2.5766e-01  3.2719e-01
  4.4443e-01  5.6135e-01  6.7778e-01  7.9380e-01  9.0940e-01  1.0046e+00
  1.0695e+00  1.1041e+00  1.1283e+00  1.1523e+00  1.1701e+00  1.1816e+00
  1.1871e+00  1.1925e+00  1.1988e+00  1.2065e+00  1.2158e+00  1.2258e+00
  1.2506e+00  1.2997e+00  1.3729e+00  1.4551e+00  1.5642e+00  1.7038e+00
  1.8735e+00  2.0483e+00  2.2511e+00  2.4821e+00  2.7381e+00  2.9978e+00
  3.2933e+00  3.6257e+00  3.9907e+00  4.4100e+00  4.8857e+00  5.4198e+00
  5.8878e+00  6.2733e+00  6.5751e+00  6.8626e+00  7.1492e+00  7.4363e+00
  7.6105e+00  7.6478e+00  7.5452e+00  7.3871e+00  7.2122e+00  7.1044e+00
  7.0558e+00  6.9197e+00  6.6230e+00  6.2436e+00  5.8845e+00  5.4104e+00
  4.7786e+00  4.0161e+00  3.2787e+00  2.5889e+00  1.9646e+00  1.4220e+00
  9.7527e-01  6.6807e-01  4.6463e-01  3.4561e-01  2.5976e-01  1.9913e-01
  1.5904e-01  1.3099e-01  1.1053e-01  9.0159e-02  7.1798e-02  5.7314e-02
  4.4637e-02  3.2940e-02  2.4522e-02  1.9159e-02  1.7951e-02  1.8939e-02
  2.2180e-02
# O3 profile (VMR-PPMV) for lat -10. degrees, month 04:
  4.1520e-04  6.8060e-04  1.0612e-03  1.6940e-03  2.7587e-03  4.4337e-03
  7.1433e-03  1.1521e-02  1.9140e-02  3.2353e-02  4.8900e-02  6.9030e-02
  9.2797e-02  1.2531e-01  1.6933e-01  2.2780e-01  3.0560e-01  4.0940e-01
  5.4833e-01  6.8343e-01  7.7510e-01  8.0827e-01  8.1333e-01  8.1840e-01
  8.2347e-01  8.2850e-01  8.3350e-01  8.3847e-01  8.4343e-01  8.1870e-01
  7.5463e-01  6.5693e-01  5.6093e-01  4.7987e-01  4.1320e-01  3.5983e-01
  3.1777e-01  2.8303e-01  2.5223e-01  3.1593e-01  4.7312e-01  7.2263e-01
  9.7237e-01  1.2221e+00  1.4471e+00  1.5885e+00  1.6466e+00  1.6458e+00
  1.6451e+00  1.6295e+00  1.5910e+00  1.5297e+00  1.4611e+00  1.3948e+00
  1.3412e+00  1.3001e+00  1.2696e+00  1.2461e+00  1.2497e+00  1.2797e+00
  1.3295e+00  1.3954e+00  1.4905e+00  1.6142e+00  1.7496e+00  1.8924e+00
  2.0447e+00  2.2066e+00  2.3692e+00  2.5628e+00  2.7935e+00  3.0615e+00
  3.3666e+00  3.7151e+00  4.1076e+00  4.5084e+00  4.9036e+00  5.2936e+00
  5.7119e+00  6.2055e+00  6.7764e+00  7.3801e+00  7.9317e+00  8.4296e+00
  8.8491e+00  9.1607e+00  9.4895e+00  9.9764e+00  1.0384e+01  1.0447e+01
  1.0099e+01  9.6622e+00  9.0458e+00  8.1428e+00  6.9186e+00  5.6354e+00
  4.4010e+00  3.2577e+00  2.2612e+00  1.4534e+00  8.9962e-01  5.5449e-01
  3.5490e-01  2.3953e-01  1.6796e-01  1.2464e-01  8.9230e-02  6.6648e-02
  5.6024e-02  5.2536e-02  4.9705e-02  4.6361e-02  4.3131e-02  3.9972e-02
  3.6906e-02  3.3889e-02  3.0784e-02  2.7140e-02  2.3479e-02  2.0460e-02
  1.8500e-02
# O3 profile (VMR-PPMV) for lat 10. degrees, month 04:
  4.1520e-04  6.8060e-04  1.0612e-03  1.6940e-03  2.7587e-03  4.4337e-03
  7.1433e-03  1.1521e-02  1.9140e-02  3.2353e-02  4.8900e-02  6.9030e-02
  9.2797e-02  1.2531e-01  1.6933e-01  2.2780e-01  3.0560e-01  4.0940e-01
  5.4833e-01  6.8343e-01  7.7510e-01  8.0827e-01  8.1333e-01  8.1840e-01
  8.2347e-01  8.2850e-01  8.3350e-01  8.3847e-01  8.4343e-01  8.1870e-01
  7.5463e-01  6.5693e-01  5.6093e-01  4.7987e-01  4.1320e-01  3.5983e-01
  3.1777e-01  2.8303e-01  2.5223e-01  3.1087e-01  4.5771e-01  6.9162e-01
  9.2571e-01  1.1603e+00  1.3950e+00  1.5529e+00  1.6295e+00  1.6252e+00
  1.6166e+00  1.6030e+00  1.5720e+00  1.5236e+00  1.4633e+00  1.4037e+00
  1.3521e+00  1.3109e+00  1.2799e+00  1.2520e+00  1.2501e+00  1.2788e+00
  1.3378e+00  1.4056e+00  1.5006e+00  1.6223e+00  1.7660e+00  1.9118e+00
  2.0667e+00  2.2308e+00  2.4002e+00  2.5820e+00  2.7973e+00  3.0462e+00
  3.3286e+00  3.6596e+00  4.0401e+00  4.4579e+00  4.8791e+00  5.3040e+00
  5.7331e+00  6.2320e+00  6.8018e+00  7.4422e+00  8.0275e+00  8.5520e+00
  9.0174e+00  9.3358e+00  9.5464e+00  9.8367e+00  1.0248e+01  1.0425e+01
  1.0181e+01  9.6318e+00  9.0020e+00  8.1206e+00  6.9799e+00  5.6841e+00
  4.4609e+00  3.3305e+00  2.3312e+00  1.5055e+00  9.1191e-01  5.4376e-01
  3.2690e-01  2.0590e-01  1.4156e-01  1.0879e-01  8.6192e-02  7.3095e-02
  6.7093e-02  6.2707e-02  5.8975e-02  5.5543e-02  5.2228e-02  4.8987e-02
  4.5844e-02  4.2758e-02  3.9846e-02  3.6897e-02  3.2895e-02  2.6704e-02
  1.8500e-02
# O3 profile (VMR-PPMV) for lat 45 degrees, month 04:
  3.6650e-04  5.8990e-04  9.0573e-04  1.4126e-03  2.2693e-03  3.6737e-03
  5.8107e-03  9.0763e-03  1.4271e-02  2.3103e-02  3.6693e-02  5.2897e-02
  7.1773e-02  9.4410e-02  1.2514e-01  1.6647e-01  2.2200e-01  2.9687e-01
  3.9753e-01  5.3197e-01  6.7067e-01  7.6737e-01  8.0773e-01  8.1290e-01
  8.1813e-01  8.2337e-01  8.2863e-01  8.3390e-01  8.3917e-01  8.4440e-01
  8.0840e-01  7.3323e-01  6.2537e-01  5.3127e-01  4.5250e-01  3.8950e-01
  3.3950e-01  3.0050e-01  2.6687e-01  3.0647e-01  4.1724e-01  5.9696e-01
  7.7432e-01  9.4921e-01  1.1219e+00  1.2931e+00  1.4628e+00  1.5877e+00
  1.6361e+00  1.6085e+00  1.5494e+00  1.4906e+00  1.4396e+00  1.3970e+00
  1.3627e+00  1.3293e+00  1.3010e+00  1.2875e+00  1.2888e+00  1.2999e+00
  1.3250e+00  1.3814e+00  1.4690e+00  1.5731e+00  1.6913e+00  1.8295e+00
  1.9883e+00  2.1520e+00  2.3358e+00  2.5461e+00  2.7835e+00  3.0263e+00
  3.2921e+00  3.5987e+00  3.9467e+00  4.3462e+00  4.8399e+00  5.4310e+00
  6.0669e+00  6.6327e+00  7.1262e+00  7.5548e+00  7.9305e+00  8.2535e+00
  8.5144e+00  8.6698e+00  8.7181e+00  8.6544e+00  8.4014e+00  7.9942e+00
  7.6271e+00  7.4253e+00  7.1942e+00  6.7633e+00  6.1724e+00  5.5833e+00
  5.0037e+00  4.4179e+00  3.7952e+00  3.1270e+00  2.4526e+00  1.8346e+00
  1.3414e+00  9.8073e-01  7.4402e-01  5.9360e-01  4.9708e-01  4.3026e-01
  3.6613e-01  3.0455e-01  2.3842e-01  1.7572e-01  1.2400e-01  9.3523e-02
  7.5608e-02  6.2377e-02  5.2619e-02  4.5633e-02  4.0306e-02  3.2325e-02
  2.2180e-02
# O3 profile (VMR-PPMV) for lat 75 degrees, month 04:
  5.0000e-04  8.5067e-04  1.3473e-03  2.1333e-03  3.3800e-03  5.3567e-03
  8.5067e-03  1.3473e-02  2.0867e-02  3.1867e-02  4.6233e-02  6.5233e-02
  8.9367e-02  1.2137e-01  1.6933e-01  2.4200e-01  3.6400e-01  5.6033e-01
  8.3167e-01  1.1900e+00  1.4833e+00  1.7033e+00  1.7300e+00  1.6833e+00
  1.5633e+00  1.4533e+00  1.3500e+00  1.2533e+00  1.1533e+00  1.0560e+00
  9.4733e-01  8.3967e-01  7.2667e-01  6.2467e-01  5.3833e-01  4.7033e-01
  4.2200e-01  3.8367e-01  3.5367e-01  3.8594e-01  4.7815e-01  6.2902e-01
  7.7688e-01  9.2258e-01  1.0664e+00  1.2083e+00  1.3485e+00  1.4584e+00
  1.5080e+00  1.4983e+00  1.4582e+00  1.4184e+00  1.3824e+00  1.3501e+00
  1.3214e+00  1.2928e+00  1.2737e+00  1.2694e+00  1.2800e+00  1.2960e+00
  1.3331e+00  1.3966e+00  1.4857e+00  1.5791e+00  1.7061e+00  1.8694e+00
  2.0684e+00  2.2680e+00  2.5071e+00  2.7951e+00  3.1322e+00  3.4780e+00
  3.8313e+00  4.2041e+00  4.5975e+00  5.0049e+00  5.4244e+00  5.8562e+00
  6.3002e+00  6.6412e+00  6.8167e+00  6.8253e+00  6.7668e+00  6.6938e+00
  6.6066e+00  6.5107e+00  6.4148e+00  6.3187e+00  6.2071e+00  6.0194e+00
  5.7779e+00  5.6253e+00  5.6105e+00  5.5577e+00  5.3400e+00  5.0496e+00
  4.8420e+00  4.6456e+00  4.3709e+00  3.9789e+00  3.5376e+00  3.0714e+00
  2.6382e+00  2.2397e+00  1.8505e+00  1.4961e+00  1.1948e+00  9.7783e-01
  8.0140e-01  6.4991e-01  5.0955e-01  3.8189e-01  2.6875e-01  1.8001e-01
  1.1619e-01  7.7613e-02  5.4109e-02  4.0880e-02  3.3114e-02  2.2590e-02
  1.0000e-02
# Last line of file.
