27-AUG-2015 09:40:36.000000
# V5.1 FILE generated by J.J. Remedios and D. Moore
# HITRAN code of the gas:
 19
# DN:
0 0 0 0 0 0
# OCS profile (VMR-PPMV) for lat -75.0 degrees, month 07:
  2.0015e-09  2.0015e-09  2.0015e-09  2.0015e-09  2.0015e-09  2.0015e-09
  2.0015e-09  2.0015e-09  2.0015e-09  2.0015e-09  2.0015e-09  2.0015e-09
  2.0015e-09  2.0015e-09  2.0015e-09  2.0015e-09  2.0015e-09  2.0015e-09
  2.0015e-09  2.0015e-09  2.0015e-09  2.0015e-09  2.0015e-09  2.0015e-09
  2.0015e-09  2.0015e-09  2.0015e-09  2.0015e-09  2.0015e-09  2.0015e-09
  2.0015e-09  2.0015e-09  2.0015e-09  2.0015e-09  2.0015e-09  2.0015e-09
  2.0015e-09  2.0015e-09  2.0015e-09  2.0015e-09  2.0015e-09  2.0015e-09
  2.0015e-09  2.0015e-09  2.0015e-09  2.0015e-09  2.0015e-09  2.0015e-09
  2.0015e-09  2.0015e-09  2.0015e-09  2.0015e-09  2.0015e-09  2.0015e-09
  2.0015e-09  2.0015e-09  2.0015e-09  2.0015e-09  2.0015e-09  2.0015e-09
  2.0015e-09  2.0015e-09  2.0015e-09  2.0015e-09  2.0015e-09  2.0015e-09
  2.0015e-09  2.0015e-09  2.0015e-09  2.0015e-09  2.0015e-09  2.0015e-09
  2.0015e-09  2.0015e-09  2.0015e-09  2.0015e-09  2.0015e-09  2.0015e-09
  2.0015e-09  2.0675e-09  2.2675e-09  4.3827e-09  8.6388e-09  1.6636e-08
  3.1499e-08  5.8870e-08  9.6551e-08  1.5190e-07  2.3188e-07  4.3478e-07
  8.2756e-07  1.6063e-06  2.4601e-06  4.0672e-06  6.7621e-06  9.9707e-06
  1.4731e-05  2.1776e-05  2.6784e-05  3.3113e-05  4.0947e-05  6.5496e-05
  9.9868e-05  1.4404e-04  1.9594e-04  2.5093e-04  3.0246e-04  3.4448e-04
  3.7408e-04  3.9244e-04  4.0273e-04  4.0787e-04  4.0985e-04  4.1026e-04
  4.1025e-04  4.1022e-04  4.1022e-04  4.1022e-04  4.1022e-04  4.1022e-04
  4.1022e-04
# OCS profile (VMR-PPMV) for lat -45.0 degrees, month 07:
  7.1170e-09  7.1170e-09  7.1170e-09  7.1170e-09  7.1170e-09  7.1170e-09
  7.1170e-09  7.1170e-09  7.1170e-09  7.1170e-09  7.1170e-09  7.1170e-09
  7.1170e-09  7.1170e-09  7.1170e-09  7.1170e-09  7.1170e-09  7.1170e-09
  7.1170e-09  7.1170e-09  7.1170e-09  7.1170e-09  7.1170e-09  7.1170e-09
  7.1170e-09  7.1170e-09  7.1170e-09  7.1170e-09  7.1170e-09  7.1170e-09
  7.1170e-09  7.1170e-09  7.1170e-09  7.1170e-09  7.1170e-09  7.1170e-09
  7.1170e-09  7.1170e-09  7.1170e-09  7.1170e-09  7.1170e-09  7.1170e-09
  7.1170e-09  7.1170e-09  7.1170e-09  7.1170e-09  7.1170e-09  7.1170e-09
  7.1170e-09  7.1170e-09  7.1170e-09  7.1170e-09  7.1170e-09  7.1170e-09
  7.1170e-09  7.1170e-09  7.1170e-09  7.1170e-09  7.1170e-09  7.1170e-09
  7.1170e-09  7.1170e-09  7.1170e-09  7.1170e-09  7.1170e-09  7.1170e-09
  7.1170e-09  7.1170e-09  7.1170e-09  7.1170e-09  7.1170e-09  7.1170e-09
  7.1170e-09  7.1170e-09  7.1170e-09  7.1170e-09  7.1170e-09  7.1170e-09
  7.1170e-09  7.3519e-09  8.0629e-09  1.5584e-08  3.0719e-08  5.9154e-08
  1.1201e-07  2.0934e-07  3.4333e-07  5.4014e-07  8.2456e-07  1.5460e-06
  2.9427e-06  5.7119e-06  8.7479e-06  1.4462e-05  2.4045e-05  3.5455e-05
  5.2383e-05  7.7433e-05  9.5242e-05  1.1775e-04  1.4560e-04  1.8177e-04
  2.2195e-04  2.6331e-04  3.0264e-04  3.3708e-04  3.6499e-04  3.8627e-04
  4.0192e-04  4.1318e-04  4.2071e-04  4.2499e-04  4.2680e-04  4.2727e-04
  4.2732e-04  4.2732e-04  4.2732e-04  4.2732e-04  4.2732e-04  4.2732e-04
  4.2732e-04
# OCS profile (VMR-PPMV) for lat -10. degrees, month 07:
  1.9253e-08  1.9253e-08  1.9253e-08  1.9253e-08  1.9253e-08  1.9253e-08
  1.9253e-08  1.9253e-08  1.9253e-08  1.9253e-08  1.9253e-08  1.9253e-08
  1.9253e-08  1.9253e-08  1.9253e-08  1.9253e-08  1.9253e-08  1.9253e-08
  1.9253e-08  1.9253e-08  1.9253e-08  1.9253e-08  1.9253e-08  1.9253e-08
  1.9253e-08  1.9253e-08  1.9253e-08  1.9253e-08  1.9253e-08  1.9253e-08
  1.9253e-08  1.9253e-08  1.9253e-08  1.9253e-08  1.9253e-08  1.9253e-08
  1.9253e-08  1.9253e-08  1.9253e-08  1.9253e-08  1.9253e-08  1.9253e-08
  1.9253e-08  1.9253e-08  1.9253e-08  1.9253e-08  1.9253e-08  1.9253e-08
  1.9253e-08  1.9253e-08  1.9253e-08  1.9253e-08  1.9253e-08  1.9253e-08
  1.9253e-08  1.9253e-08  1.9253e-08  1.9253e-08  1.9253e-08  1.9253e-08
  1.9253e-08  1.9253e-08  1.9253e-08  1.9253e-08  1.9253e-08  1.9253e-08
  1.9253e-08  1.9253e-08  1.9253e-08  1.9253e-08  1.9253e-08  1.9253e-08
  1.9253e-08  1.9253e-08  1.9253e-08  1.9253e-08  1.9253e-08  1.9253e-08
  1.9253e-08  1.9888e-08  2.1811e-08  4.2158e-08  8.3099e-08  1.6002e-07
  3.0300e-07  5.6629e-07  9.2875e-07  1.4612e-06  2.2306e-06  4.1823e-06
  7.9605e-06  1.5452e-05  2.3664e-05  3.9123e-05  6.5046e-05  9.5910e-05
  1.4170e-04  2.0947e-04  2.5764e-04  3.1853e-04  3.9388e-04  4.1326e-04
  4.3062e-04  4.4387e-04  4.5196e-04  4.5531e-04  4.5507e-04  4.5294e-04
  4.5011e-04  4.4734e-04  4.4486e-04  4.4292e-04  4.4190e-04  4.4154e-04
  4.4154e-04  4.4154e-04  4.4154e-04  4.4154e-04  4.4154e-04  4.4154e-04
  4.4154e-04
# OCS profile (VMR-PPMV) for lat 10. degrees, month 07:
  1.9199e-08  1.9199e-08  1.9199e-08  1.9199e-08  1.9199e-08  1.9199e-08
  1.9199e-08  1.9199e-08  1.9199e-08  1.9199e-08  1.9199e-08  1.9199e-08
  1.9199e-08  1.9199e-08  1.9199e-08  1.9199e-08  1.9199e-08  1.9199e-08
  1.9199e-08  1.9199e-08  1.9199e-08  1.9199e-08  1.9199e-08  1.9199e-08
  1.9199e-08  1.9199e-08  1.9199e-08  1.9199e-08  1.9199e-08  1.9199e-08
  1.9199e-08  1.9199e-08  1.9199e-08  1.9199e-08  1.9199e-08  1.9199e-08
  1.9199e-08  1.9199e-08  1.9199e-08  1.9199e-08  1.9199e-08  1.9199e-08
  1.9199e-08  1.9199e-08  1.9199e-08  1.9199e-08  1.9199e-08  1.9199e-08
  1.9199e-08  1.9199e-08  1.9199e-08  1.9199e-08  1.9199e-08  1.9199e-08
  1.9199e-08  1.9199e-08  1.9199e-08  1.9199e-08  1.9199e-08  1.9199e-08
  1.9199e-08  1.9199e-08  1.9199e-08  1.9199e-08  1.9199e-08  1.9199e-08
  1.9199e-08  1.9199e-08  1.9199e-08  1.9199e-08  1.9199e-08  1.9199e-08
  1.9199e-08  1.9199e-08  1.9199e-08  1.9199e-08  1.9199e-08  1.9199e-08
  1.9199e-08  1.9832e-08  2.1751e-08  4.2041e-08  8.2867e-08  1.5957e-07
  3.0215e-07  5.6471e-07  9.2616e-07  1.4571e-06  2.2243e-06  4.1706e-06
  7.9383e-06  1.5408e-05  2.3598e-05  3.9014e-05  6.4865e-05  9.5643e-05
  1.4131e-04  2.0888e-04  2.5692e-04  3.1764e-04  3.9278e-04  4.1391e-04
  4.3159e-04  4.4459e-04  4.5276e-04  4.5677e-04  4.5735e-04  4.5581e-04
  4.5389e-04  4.5248e-04  4.5157e-04  4.5085e-04  4.5040e-04  4.5028e-04
  4.5028e-04  4.5028e-04  4.5028e-04  4.5028e-04  4.5028e-04  4.5028e-04
  4.5028e-04
# OCS profile (VMR-PPMV) for lat 45 degrees, month 07:
  1.3439e-08  1.3439e-08  1.3439e-08  1.3439e-08  1.3439e-08  1.3439e-08
  1.3439e-08  1.3439e-08  1.3439e-08  1.3439e-08  1.3439e-08  1.3439e-08
  1.3439e-08  1.3439e-08  1.3439e-08  1.3439e-08  1.3439e-08  1.3439e-08
  1.3439e-08  1.3439e-08  1.3439e-08  1.3439e-08  1.3439e-08  1.3439e-08
  1.3439e-08  1.3439e-08  1.3439e-08  1.3439e-08  1.3439e-08  1.3439e-08
  1.3439e-08  1.3439e-08  1.3439e-08  1.3439e-08  1.3439e-08  1.3439e-08
  1.3439e-08  1.3439e-08  1.3439e-08  1.3439e-08  1.3439e-08  1.3439e-08
  1.3439e-08  1.3439e-08  1.3439e-08  1.3439e-08  1.3439e-08  1.3439e-08
  1.3439e-08  1.3439e-08  1.3439e-08  1.3439e-08  1.3439e-08  1.3439e-08
  1.3439e-08  1.3439e-08  1.3439e-08  1.3439e-08  1.3439e-08  1.3439e-08
  1.3439e-08  1.3439e-08  1.3439e-08  1.3439e-08  1.3439e-08  1.3439e-08
  1.3439e-08  1.3439e-08  1.3439e-08  1.3439e-08  1.3439e-08  1.3439e-08
  1.3439e-08  1.3439e-08  1.3439e-08  1.3439e-08  1.3439e-08  1.3439e-08
  1.3439e-08  1.3882e-08  1.5225e-08  2.9428e-08  5.8006e-08  1.1170e-07
  2.1150e-07  3.9529e-07  6.4830e-07  1.0199e-06  1.5570e-06  2.9194e-06
  5.5567e-06  1.0786e-05  1.6519e-05  2.7309e-05  4.5404e-05  6.6949e-05
  9.8914e-05  1.4622e-04  1.7984e-04  2.2234e-04  2.7494e-04  3.1694e-04
  3.5467e-04  3.8546e-04  4.0809e-04  4.2265e-04  4.3085e-04  4.3583e-04
  4.4053e-04  4.4562e-04  4.4967e-04  4.5147e-04  4.5154e-04  4.5114e-04
  4.5098e-04  4.5098e-04  4.5098e-04  4.5098e-04  4.5098e-04  4.5098e-04
  4.5098e-04
# OCS profile (VMR-PPMV) for lat 75 degrees, month 07:
  1.0806e-08  1.0806e-08  1.0806e-08  1.0806e-08  1.0806e-08  1.0806e-08
  1.0806e-08  1.0806e-08  1.0806e-08  1.0806e-08  1.0806e-08  1.0806e-08
  1.0806e-08  1.0806e-08  1.0806e-08  1.0806e-08  1.0806e-08  1.0806e-08
  1.0806e-08  1.0806e-08  1.0806e-08  1.0806e-08  1.0806e-08  1.0806e-08
  1.0806e-08  1.0806e-08  1.0806e-08  1.0806e-08  1.0806e-08  1.0806e-08
  1.0806e-08  1.0806e-08  1.0806e-08  1.0806e-08  1.0806e-08  1.0806e-08
  1.0806e-08  1.0806e-08  1.0806e-08  1.0806e-08  1.0806e-08  1.0806e-08
  1.0806e-08  1.0806e-08  1.0806e-08  1.0806e-08  1.0806e-08  1.0806e-08
  1.0806e-08  1.0806e-08  1.0806e-08  1.0806e-08  1.0806e-08  1.0806e-08
  1.0806e-08  1.0806e-08  1.0806e-08  1.0806e-08  1.0806e-08  1.0806e-08
  1.0806e-08  1.0806e-08  1.0806e-08  1.0806e-08  1.0806e-08  1.0806e-08
  1.0806e-08  1.0806e-08  1.0806e-08  1.0806e-08  1.0806e-08  1.0806e-08
  1.0806e-08  1.0806e-08  1.0806e-08  1.0806e-08  1.0806e-08  1.0806e-08
  1.0806e-08  1.1162e-08  1.2242e-08  2.3662e-08  4.6640e-08  8.9813e-08
  1.7006e-07  3.1783e-07  5.2127e-07  8.2008e-07  1.2519e-06  2.3473e-06
  4.4679e-06  8.6723e-06  1.3282e-05  2.1958e-05  3.6508e-05  5.3830e-05
  7.9532e-05  1.1757e-04  1.4460e-04  1.7877e-04  2.2107e-04  2.6119e-04
  3.0153e-04  3.3830e-04  3.6815e-04  3.8918e-04  4.0172e-04  4.0882e-04
  4.1493e-04  4.2252e-04  4.3028e-04  4.3534e-04  4.3701e-04  4.3694e-04
  4.3675e-04  4.3675e-04  4.3675e-04  4.3675e-04  4.3675e-04  4.3675e-04
  4.3675e-04
# OCS profile (VMR-PPMV) for lat -75.0 degrees, month 07:
  2.0015e-09  2.0015e-09  2.0015e-09  2.0015e-09  2.0015e-09  2.0015e-09
  2.0015e-09  2.0015e-09  2.0015e-09  2.0015e-09  2.0015e-09  2.0015e-09
  2.0015e-09  2.0015e-09  2.0015e-09  2.0015e-09  2.0015e-09  2.0015e-09
  2.0015e-09  2.0015e-09  2.0015e-09  2.0015e-09  2.0015e-09  2.0015e-09
  2.0015e-09  2.0015e-09  2.0015e-09  2.0015e-09  2.0015e-09  2.0015e-09
  2.0015e-09  2.0015e-09  2.0015e-09  2.0015e-09  2.0015e-09  2.0015e-09
  2.0015e-09  2.0015e-09  2.0015e-09  2.0015e-09  2.0015e-09  2.0015e-09
  2.0015e-09  2.0015e-09  2.0015e-09  2.0015e-09  2.0015e-09  2.0015e-09
  2.0015e-09  2.0015e-09  2.0015e-09  2.0015e-09  2.0015e-09  2.0015e-09
  2.0015e-09  2.0015e-09  2.0015e-09  2.0015e-09  2.0015e-09  2.0015e-09
  2.0015e-09  2.0015e-09  2.0015e-09  2.0015e-09  2.0015e-09  2.0015e-09
  2.0015e-09  2.0015e-09  2.0015e-09  2.0015e-09  2.0015e-09  2.0015e-09
  2.0015e-09  2.0015e-09  2.0015e-09  2.0015e-09  2.0015e-09  2.0015e-09
  2.0015e-09  2.0675e-09  2.2675e-09  4.3827e-09  8.6388e-09  1.6636e-08
  3.1499e-08  5.8870e-08  9.6551e-08  1.5190e-07  2.3188e-07  4.3478e-07
  8.2756e-07  1.6063e-06  2.4601e-06  4.0672e-06  6.7621e-06  9.9707e-06
  1.4731e-05  2.1776e-05  2.6784e-05  3.3113e-05  4.0947e-05  6.5496e-05
  9.9868e-05  1.4404e-04  1.9594e-04  2.5093e-04  3.0246e-04  3.4448e-04
  3.7408e-04  3.9244e-04  4.0273e-04  4.0787e-04  4.0985e-04  4.1026e-04
  4.1025e-04  4.1022e-04  4.1022e-04  4.1022e-04  4.1022e-04  4.1022e-04
  4.1022e-04
# OCS profile (VMR-PPMV) for lat -45.0 degrees, month 07:
  7.1170e-09  7.1170e-09  7.1170e-09  7.1170e-09  7.1170e-09  7.1170e-09
  7.1170e-09  7.1170e-09  7.1170e-09  7.1170e-09  7.1170e-09  7.1170e-09
  7.1170e-09  7.1170e-09  7.1170e-09  7.1170e-09  7.1170e-09  7.1170e-09
  7.1170e-09  7.1170e-09  7.1170e-09  7.1170e-09  7.1170e-09  7.1170e-09
  7.1170e-09  7.1170e-09  7.1170e-09  7.1170e-09  7.1170e-09  7.1170e-09
  7.1170e-09  7.1170e-09  7.1170e-09  7.1170e-09  7.1170e-09  7.1170e-09
  7.1170e-09  7.1170e-09  7.1170e-09  7.1170e-09  7.1170e-09  7.1170e-09
  7.1170e-09  7.1170e-09  7.1170e-09  7.1170e-09  7.1170e-09  7.1170e-09
  7.1170e-09  7.1170e-09  7.1170e-09  7.1170e-09  7.1170e-09  7.1170e-09
  7.1170e-09  7.1170e-09  7.1170e-09  7.1170e-09  7.1170e-09  7.1170e-09
  7.1170e-09  7.1170e-09  7.1170e-09  7.1170e-09  7.1170e-09  7.1170e-09
  7.1170e-09  7.1170e-09  7.1170e-09  7.1170e-09  7.1170e-09  7.1170e-09
  7.1170e-09  7.1170e-09  7.1170e-09  7.1170e-09  7.1170e-09  7.1170e-09
  7.1170e-09  7.3519e-09  8.0629e-09  1.5584e-08  3.0719e-08  5.9154e-08
  1.1201e-07  2.0934e-07  3.4333e-07  5.4014e-07  8.2456e-07  1.5460e-06
  2.9427e-06  5.7119e-06  8.7479e-06  1.4462e-05  2.4045e-05  3.5455e-05
  5.2383e-05  7.7433e-05  9.5242e-05  1.1775e-04  1.4560e-04  1.8177e-04
  2.2195e-04  2.6331e-04  3.0264e-04  3.3708e-04  3.6499e-04  3.8627e-04
  4.0192e-04  4.1318e-04  4.2071e-04  4.2499e-04  4.2680e-04  4.2727e-04
  4.2732e-04  4.2732e-04  4.2732e-04  4.2732e-04  4.2732e-04  4.2732e-04
  4.2732e-04
# OCS profile (VMR-PPMV) for lat -10. degrees, month 07:
  1.9253e-08  1.9253e-08  1.9253e-08  1.9253e-08  1.9253e-08  1.9253e-08
  1.9253e-08  1.9253e-08  1.9253e-08  1.9253e-08  1.9253e-08  1.9253e-08
  1.9253e-08  1.9253e-08  1.9253e-08  1.9253e-08  1.9253e-08  1.9253e-08
  1.9253e-08  1.9253e-08  1.9253e-08  1.9253e-08  1.9253e-08  1.9253e-08
  1.9253e-08  1.9253e-08  1.9253e-08  1.9253e-08  1.9253e-08  1.9253e-08
  1.9253e-08  1.9253e-08  1.9253e-08  1.9253e-08  1.9253e-08  1.9253e-08
  1.9253e-08  1.9253e-08  1.9253e-08  1.9253e-08  1.9253e-08  1.9253e-08
  1.9253e-08  1.9253e-08  1.9253e-08  1.9253e-08  1.9253e-08  1.9253e-08
  1.9253e-08  1.9253e-08  1.9253e-08  1.9253e-08  1.9253e-08  1.9253e-08
  1.9253e-08  1.9253e-08  1.9253e-08  1.9253e-08  1.9253e-08  1.9253e-08
  1.9253e-08  1.9253e-08  1.9253e-08  1.9253e-08  1.9253e-08  1.9253e-08
  1.9253e-08  1.9253e-08  1.9253e-08  1.9253e-08  1.9253e-08  1.9253e-08
  1.9253e-08  1.9253e-08  1.9253e-08  1.9253e-08  1.9253e-08  1.9253e-08
  1.9253e-08  1.9888e-08  2.1811e-08  4.2158e-08  8.3099e-08  1.6002e-07
  3.0300e-07  5.6629e-07  9.2875e-07  1.4612e-06  2.2306e-06  4.1823e-06
  7.9605e-06  1.5452e-05  2.3664e-05  3.9123e-05  6.5046e-05  9.5910e-05
  1.4170e-04  2.0947e-04  2.5764e-04  3.1853e-04  3.9388e-04  4.1326e-04
  4.3062e-04  4.4387e-04  4.5196e-04  4.5531e-04  4.5507e-04  4.5294e-04
  4.5011e-04  4.4734e-04  4.4486e-04  4.4292e-04  4.4190e-04  4.4154e-04
  4.4154e-04  4.4154e-04  4.4154e-04  4.4154e-04  4.4154e-04  4.4154e-04
  4.4154e-04
# OCS profile (VMR-PPMV) for lat 10. degrees, month 07:
  1.9199e-08  1.9199e-08  1.9199e-08  1.9199e-08  1.9199e-08  1.9199e-08
  1.9199e-08  1.9199e-08  1.9199e-08  1.9199e-08  1.9199e-08  1.9199e-08
  1.9199e-08  1.9199e-08  1.9199e-08  1.9199e-08  1.9199e-08  1.9199e-08
  1.9199e-08  1.9199e-08  1.9199e-08  1.9199e-08  1.9199e-08  1.9199e-08
  1.9199e-08  1.9199e-08  1.9199e-08  1.9199e-08  1.9199e-08  1.9199e-08
  1.9199e-08  1.9199e-08  1.9199e-08  1.9199e-08  1.9199e-08  1.9199e-08
  1.9199e-08  1.9199e-08  1.9199e-08  1.9199e-08  1.9199e-08  1.9199e-08
  1.9199e-08  1.9199e-08  1.9199e-08  1.9199e-08  1.9199e-08  1.9199e-08
  1.9199e-08  1.9199e-08  1.9199e-08  1.9199e-08  1.9199e-08  1.9199e-08
  1.9199e-08  1.9199e-08  1.9199e-08  1.9199e-08  1.9199e-08  1.9199e-08
  1.9199e-08  1.9199e-08  1.9199e-08  1.9199e-08  1.9199e-08  1.9199e-08
  1.9199e-08  1.9199e-08  1.9199e-08  1.9199e-08  1.9199e-08  1.9199e-08
  1.9199e-08  1.9199e-08  1.9199e-08  1.9199e-08  1.9199e-08  1.9199e-08
  1.9199e-08  1.9832e-08  2.1751e-08  4.2041e-08  8.2867e-08  1.5957e-07
  3.0215e-07  5.6471e-07  9.2616e-07  1.4571e-06  2.2243e-06  4.1706e-06
  7.9383e-06  1.5408e-05  2.3598e-05  3.9014e-05  6.4865e-05  9.5643e-05
  1.4131e-04  2.0888e-04  2.5692e-04  3.1764e-04  3.9278e-04  4.1391e-04
  4.3159e-04  4.4459e-04  4.5276e-04  4.5677e-04  4.5735e-04  4.5581e-04
  4.5389e-04  4.5248e-04  4.5157e-04  4.5085e-04  4.5040e-04  4.5028e-04
  4.5028e-04  4.5028e-04  4.5028e-04  4.5028e-04  4.5028e-04  4.5028e-04
  4.5028e-04
# OCS profile (VMR-PPMV) for lat 45 degrees, month 07:
  1.3439e-08  1.3439e-08  1.3439e-08  1.3439e-08  1.3439e-08  1.3439e-08
  1.3439e-08  1.3439e-08  1.3439e-08  1.3439e-08  1.3439e-08  1.3439e-08
  1.3439e-08  1.3439e-08  1.3439e-08  1.3439e-08  1.3439e-08  1.3439e-08
  1.3439e-08  1.3439e-08  1.3439e-08  1.3439e-08  1.3439e-08  1.3439e-08
  1.3439e-08  1.3439e-08  1.3439e-08  1.3439e-08  1.3439e-08  1.3439e-08
  1.3439e-08  1.3439e-08  1.3439e-08  1.3439e-08  1.3439e-08  1.3439e-08
  1.3439e-08  1.3439e-08  1.3439e-08  1.3439e-08  1.3439e-08  1.3439e-08
  1.3439e-08  1.3439e-08  1.3439e-08  1.3439e-08  1.3439e-08  1.3439e-08
  1.3439e-08  1.3439e-08  1.3439e-08  1.3439e-08  1.3439e-08  1.3439e-08
  1.3439e-08  1.3439e-08  1.3439e-08  1.3439e-08  1.3439e-08  1.3439e-08
  1.3439e-08  1.3439e-08  1.3439e-08  1.3439e-08  1.3439e-08  1.3439e-08
  1.3439e-08  1.3439e-08  1.3439e-08  1.3439e-08  1.3439e-08  1.3439e-08
  1.3439e-08  1.3439e-08  1.3439e-08  1.3439e-08  1.3439e-08  1.3439e-08
  1.3439e-08  1.3882e-08  1.5225e-08  2.9428e-08  5.8006e-08  1.1170e-07
  2.1150e-07  3.9529e-07  6.4830e-07  1.0199e-06  1.5570e-06  2.9194e-06
  5.5567e-06  1.0786e-05  1.6519e-05  2.7309e-05  4.5404e-05  6.6949e-05
  9.8914e-05  1.4622e-04  1.7984e-04  2.2234e-04  2.7494e-04  3.1694e-04
  3.5467e-04  3.8546e-04  4.0809e-04  4.2265e-04  4.3085e-04  4.3583e-04
  4.4053e-04  4.4562e-04  4.4967e-04  4.5147e-04  4.5154e-04  4.5114e-04
  4.5098e-04  4.5098e-04  4.5098e-04  4.5098e-04  4.5098e-04  4.5098e-04
  4.5098e-04
# OCS profile (VMR-PPMV) for lat 75 degrees, month 07:
  1.0806e-08  1.0806e-08  1.0806e-08  1.0806e-08  1.0806e-08  1.0806e-08
  1.0806e-08  1.0806e-08  1.0806e-08  1.0806e-08  1.0806e-08  1.0806e-08
  1.0806e-08  1.0806e-08  1.0806e-08  1.0806e-08  1.0806e-08  1.0806e-08
  1.0806e-08  1.0806e-08  1.0806e-08  1.0806e-08  1.0806e-08  1.0806e-08
  1.0806e-08  1.0806e-08  1.0806e-08  1.0806e-08  1.0806e-08  1.0806e-08
  1.0806e-08  1.0806e-08  1.0806e-08  1.0806e-08  1.0806e-08  1.0806e-08
  1.0806e-08  1.0806e-08  1.0806e-08  1.0806e-08  1.0806e-08  1.0806e-08
  1.0806e-08  1.0806e-08  1.0806e-08  1.0806e-08  1.0806e-08  1.0806e-08
  1.0806e-08  1.0806e-08  1.0806e-08  1.0806e-08  1.0806e-08  1.0806e-08
  1.0806e-08  1.0806e-08  1.0806e-08  1.0806e-08  1.0806e-08  1.0806e-08
  1.0806e-08  1.0806e-08  1.0806e-08  1.0806e-08  1.0806e-08  1.0806e-08
  1.0806e-08  1.0806e-08  1.0806e-08  1.0806e-08  1.0806e-08  1.0806e-08
  1.0806e-08  1.0806e-08  1.0806e-08  1.0806e-08  1.0806e-08  1.0806e-08
  1.0806e-08  1.1162e-08  1.2242e-08  2.3662e-08  4.6640e-08  8.9813e-08
  1.7006e-07  3.1783e-07  5.2127e-07  8.2008e-07  1.2519e-06  2.3473e-06
  4.4679e-06  8.6723e-06  1.3282e-05  2.1958e-05  3.6508e-05  5.3830e-05
  7.9532e-05  1.1757e-04  1.4460e-04  1.7877e-04  2.2107e-04  2.6119e-04
  3.0153e-04  3.3830e-04  3.6815e-04  3.8918e-04  4.0172e-04  4.0882e-04
  4.1493e-04  4.2252e-04  4.3028e-04  4.3534e-04  4.3701e-04  4.3694e-04
  4.3675e-04  4.3675e-04  4.3675e-04  4.3675e-04  4.3675e-04  4.3675e-04
  4.3675e-04
# Last line of file.
