25-JUN-2015 20:43:15.000000
# V5.1 FILE generated by J.J. Remedios and D. Moore
# HITRAN code of the gas:
 30
# DN:
0 0 0 0 0 0
# SF6 profile (VMR-PPMV) for lat -75.0 degrees, month 01:
  3.1471e-06  3.1471e-06  3.1471e-06  3.1471e-06  3.1471e-06  3.1471e-06
  3.1471e-06  3.1471e-06  3.1471e-06  3.1471e-06  3.1471e-06  3.1471e-06
  3.1471e-06  3.1471e-06  3.1471e-06  3.1471e-06  3.1471e-06  3.1471e-06
  3.1471e-06  3.1471e-06  3.1471e-06  3.1471e-06  3.1471e-06  3.1471e-06
  3.1471e-06  3.1471e-06  3.1471e-06  3.1471e-06  3.1471e-06  3.1471e-06
  3.1471e-06  3.1471e-06  3.1471e-06  3.1471e-06  3.1471e-06  3.1471e-06
  3.1471e-06  3.1471e-06  3.1471e-06  3.1471e-06  3.1471e-06  3.1471e-06
  3.1471e-06  3.1471e-06  3.1471e-06  3.1471e-06  3.1471e-06  3.1471e-06
  3.1471e-06  3.1471e-06  3.1471e-06  3.1471e-06  3.1471e-06  3.1471e-06
  3.1490e-06  3.1490e-06  3.1490e-06  3.1490e-06  3.1490e-06  3.1490e-06
  3.1490e-06  3.1510e-06  3.1510e-06  3.1510e-06  3.1529e-06  3.1529e-06
  3.1548e-06  3.1567e-06  3.1586e-06  3.1605e-06  3.1624e-06  3.1643e-06
  3.1681e-06  3.1719e-06  3.1758e-06  3.1815e-06  3.1872e-06  3.1948e-06
  3.2025e-06  3.2139e-06  3.2253e-06  3.2387e-06  3.2559e-06  3.2749e-06
  3.2959e-06  3.3226e-06  3.3512e-06  3.3875e-06  3.4294e-06  3.4828e-06
  3.5458e-06  3.6202e-06  3.7251e-06  3.8395e-06  3.9845e-06  4.1943e-06
  4.4480e-06  4.7474e-06  5.0602e-06  5.3616e-06  5.6801e-06  5.7253e-06
  5.7744e-06  5.8241e-06  5.8731e-06  5.9190e-06  5.9593e-06  5.9925e-06
  6.0174e-06  6.0340e-06  6.0434e-06  6.0486e-06  6.0516e-06  6.0528e-06
  6.0532e-06  6.0532e-06  6.0532e-06  6.0532e-06  6.0532e-06  6.0532e-06
  6.0532e-06
# SF6 profile (VMR-PPMV) for lat -45.0 degrees, month 01:
  3.2482e-06  3.2482e-06  3.2482e-06  3.2482e-06  3.2482e-06  3.2482e-06
  3.2482e-06  3.2482e-06  3.2482e-06  3.2482e-06  3.2482e-06  3.2482e-06
  3.2482e-06  3.2482e-06  3.2482e-06  3.2482e-06  3.2482e-06  3.2482e-06
  3.2482e-06  3.2482e-06  3.2482e-06  3.2482e-06  3.2482e-06  3.2482e-06
  3.2482e-06  3.2482e-06  3.2482e-06  3.2482e-06  3.2482e-06  3.2482e-06
  3.2482e-06  3.2482e-06  3.2482e-06  3.2482e-06  3.2482e-06  3.2482e-06
  3.2482e-06  3.2482e-06  3.2482e-06  3.2482e-06  3.2482e-06  3.2482e-06
  3.2482e-06  3.2482e-06  3.2482e-06  3.2482e-06  3.2482e-06  3.2482e-06
  3.2482e-06  3.2482e-06  3.2482e-06  3.2482e-06  3.2482e-06  3.2482e-06
  3.2502e-06  3.2502e-06  3.2502e-06  3.2502e-06  3.2502e-06  3.2502e-06
  3.2502e-06  3.2522e-06  3.2522e-06  3.2522e-06  3.2541e-06  3.2541e-06
  3.2561e-06  3.2581e-06  3.2601e-06  3.2620e-06  3.2640e-06  3.2660e-06
  3.2699e-06  3.2738e-06  3.2778e-06  3.2837e-06  3.2896e-06  3.2975e-06
  3.3053e-06  3.3171e-06  3.3290e-06  3.3427e-06  3.3605e-06  3.3801e-06
  3.4018e-06  3.4294e-06  3.4589e-06  3.4963e-06  3.5396e-06  3.5947e-06
  3.6597e-06  3.7365e-06  3.8447e-06  3.9629e-06  4.1125e-06  4.3290e-06
  4.5908e-06  4.8999e-06  5.2228e-06  5.5338e-06  5.8626e-06  5.9387e-06
  6.0120e-06  6.0798e-06  6.1405e-06  6.1916e-06  6.2316e-06  6.2609e-06
  6.2802e-06  6.2915e-06  6.2969e-06  6.2988e-06  6.2985e-06  6.2971e-06
  6.2958e-06  6.2955e-06  6.2955e-06  6.2955e-06  6.2955e-06  6.2955e-06
  6.2955e-06
# SF6 profile (VMR-PPMV) for lat -10. degrees, month 01:
  3.4626e-06  3.4626e-06  3.4626e-06  3.4626e-06  3.4626e-06  3.4626e-06
  3.4626e-06  3.4626e-06  3.4626e-06  3.4626e-06  3.4626e-06  3.4626e-06
  3.4626e-06  3.4626e-06  3.4626e-06  3.4626e-06  3.4626e-06  3.4626e-06
  3.4626e-06  3.4626e-06  3.4626e-06  3.4626e-06  3.4626e-06  3.4626e-06
  3.4626e-06  3.4626e-06  3.4626e-06  3.4626e-06  3.4626e-06  3.4626e-06
  3.4626e-06  3.4626e-06  3.4626e-06  3.4626e-06  3.4626e-06  3.4626e-06
  3.4626e-06  3.4626e-06  3.4626e-06  3.4626e-06  3.4626e-06  3.4626e-06
  3.4626e-06  3.4626e-06  3.4626e-06  3.4626e-06  3.4626e-06  3.4626e-06
  3.4626e-06  3.4626e-06  3.4626e-06  3.4626e-06  3.4626e-06  3.4626e-06
  3.4647e-06  3.4647e-06  3.4647e-06  3.4647e-06  3.4647e-06  3.4647e-06
  3.4647e-06  3.4668e-06  3.4668e-06  3.4668e-06  3.4689e-06  3.4689e-06
  3.4710e-06  3.4731e-06  3.4752e-06  3.4773e-06  3.4794e-06  3.4815e-06
  3.4857e-06  3.4899e-06  3.4940e-06  3.5003e-06  3.5066e-06  3.5150e-06
  3.5234e-06  3.5360e-06  3.5486e-06  3.5633e-06  3.5822e-06  3.6032e-06
  3.6263e-06  3.6556e-06  3.6871e-06  3.7270e-06  3.7732e-06  3.8319e-06
  3.9012e-06  3.9830e-06  4.0984e-06  4.2243e-06  4.3838e-06  4.6147e-06
  4.8938e-06  5.2232e-06  5.5674e-06  5.8990e-06  6.2494e-06  6.3091e-06
  6.3616e-06  6.4040e-06  6.4374e-06  6.4639e-06  6.4839e-06  6.4970e-06
  6.5035e-06  6.5057e-06  6.5063e-06  6.5063e-06  6.5063e-06  6.5063e-06
  6.5063e-06  6.5063e-06  6.5063e-06  6.5063e-06  6.5063e-06  6.5063e-06
  6.5063e-06
# SF6 profile (VMR-PPMV) for lat 10. degrees, month 01:
  3.4984e-06  3.4984e-06  3.4984e-06  3.4984e-06  3.4984e-06  3.4984e-06
  3.4984e-06  3.4984e-06  3.4984e-06  3.4984e-06  3.4984e-06  3.4984e-06
  3.4984e-06  3.4984e-06  3.4984e-06  3.4984e-06  3.4984e-06  3.4984e-06
  3.4984e-06  3.4984e-06  3.4984e-06  3.4984e-06  3.4984e-06  3.4984e-06
  3.4984e-06  3.4984e-06  3.4984e-06  3.4984e-06  3.4984e-06  3.4984e-06
  3.4984e-06  3.4984e-06  3.4984e-06  3.4984e-06  3.4984e-06  3.4984e-06
  3.4984e-06  3.4984e-06  3.4984e-06  3.4984e-06  3.4984e-06  3.4984e-06
  3.4984e-06  3.4984e-06  3.4984e-06  3.4984e-06  3.4984e-06  3.4984e-06
  3.4984e-06  3.4984e-06  3.4984e-06  3.4984e-06  3.4984e-06  3.4984e-06
  3.5005e-06  3.5005e-06  3.5005e-06  3.5005e-06  3.5005e-06  3.5005e-06
  3.5005e-06  3.5026e-06  3.5026e-06  3.5026e-06  3.5047e-06  3.5047e-06
  3.5068e-06  3.5090e-06  3.5111e-06  3.5132e-06  3.5153e-06  3.5174e-06
  3.5217e-06  3.5259e-06  3.5302e-06  3.5365e-06  3.5429e-06  3.5514e-06
  3.5598e-06  3.5726e-06  3.5853e-06  3.6001e-06  3.6192e-06  3.6404e-06
  3.6637e-06  3.6934e-06  3.7252e-06  3.7655e-06  3.8122e-06  3.8715e-06
  3.9415e-06  4.0242e-06  4.1408e-06  4.2680e-06  4.4291e-06  4.6624e-06
  4.9444e-06  5.2772e-06  5.6249e-06  5.9599e-06  6.3140e-06  6.3583e-06
  6.4021e-06  6.4433e-06  6.4764e-06  6.5040e-06  6.5277e-06  6.5457e-06
  6.5572e-06  6.5630e-06  6.5657e-06  6.5663e-06  6.5661e-06  6.5661e-06
  6.5661e-06  6.5661e-06  6.5661e-06  6.5661e-06  6.5661e-06  6.5661e-06
  6.5661e-06
# SF6 profile (VMR-PPMV) for lat 45 degrees, month 01:
  3.1362e-06  3.1362e-06  3.1362e-06  3.1362e-06  3.1362e-06  3.1362e-06
  3.1362e-06  3.1362e-06  3.1362e-06  3.1362e-06  3.1362e-06  3.1362e-06
  3.1362e-06  3.1362e-06  3.1362e-06  3.1362e-06  3.1362e-06  3.1362e-06
  3.1362e-06  3.1362e-06  3.1362e-06  3.1362e-06  3.1362e-06  3.1362e-06
  3.1362e-06  3.1362e-06  3.1362e-06  3.1362e-06  3.1362e-06  3.1362e-06
  3.1362e-06  3.1362e-06  3.1362e-06  3.1362e-06  3.1362e-06  3.1362e-06
  3.1362e-06  3.1362e-06  3.1362e-06  3.1362e-06  3.1362e-06  3.1362e-06
  3.1362e-06  3.1362e-06  3.1362e-06  3.1362e-06  3.1362e-06  3.1362e-06
  3.1362e-06  3.1362e-06  3.1362e-06  3.1362e-06  3.1362e-06  3.1362e-06
  3.1381e-06  3.1381e-06  3.1381e-06  3.1381e-06  3.1381e-06  3.1381e-06
  3.1381e-06  3.1400e-06  3.1400e-06  3.1400e-06  3.1419e-06  3.1419e-06
  3.1438e-06  3.1457e-06  3.1476e-06  3.1495e-06  3.1514e-06  3.1533e-06
  3.1571e-06  3.1609e-06  3.1647e-06  3.1704e-06  3.1761e-06  3.1837e-06
  3.1913e-06  3.2027e-06  3.2141e-06  3.2274e-06  3.2445e-06  3.2635e-06
  3.2844e-06  3.3111e-06  3.3396e-06  3.3757e-06  3.4175e-06  3.4707e-06
  3.5334e-06  3.6076e-06  3.7121e-06  3.8262e-06  3.9706e-06  4.1797e-06
  4.4325e-06  4.7309e-06  5.0426e-06  5.3429e-06  5.6604e-06  5.7364e-06
  5.8138e-06  5.8910e-06  5.9651e-06  6.0338e-06  6.0952e-06  6.1474e-06
  6.1893e-06  6.2208e-06  6.2436e-06  6.2588e-06  6.2683e-06  6.2734e-06
  6.2755e-06  6.2760e-06  6.2760e-06  6.2760e-06  6.2760e-06  6.2760e-06
  6.2760e-06
# SF6 profile (VMR-PPMV) for lat 75 degrees, month 01:
  3.0101e-06  3.0101e-06  3.0101e-06  3.0101e-06  3.0101e-06  3.0101e-06
  3.0101e-06  3.0101e-06  3.0101e-06  3.0101e-06  3.0101e-06  3.0101e-06
  3.0101e-06  3.0101e-06  3.0101e-06  3.0101e-06  3.0101e-06  3.0101e-06
  3.0101e-06  3.0101e-06  3.0101e-06  3.0101e-06  3.0101e-06  3.0101e-06
  3.0101e-06  3.0101e-06  3.0101e-06  3.0101e-06  3.0101e-06  3.0101e-06
  3.0101e-06  3.0101e-06  3.0101e-06  3.0101e-06  3.0101e-06  3.0101e-06
  3.0101e-06  3.0101e-06  3.0101e-06  3.0101e-06  3.0101e-06  3.0101e-06
  3.0101e-06  3.0101e-06  3.0101e-06  3.0101e-06  3.0101e-06  3.0101e-06
  3.0101e-06  3.0101e-06  3.0101e-06  3.0101e-06  3.0101e-06  3.0101e-06
  3.0119e-06  3.0119e-06  3.0119e-06  3.0119e-06  3.0119e-06  3.0119e-06
  3.0119e-06  3.0137e-06  3.0137e-06  3.0137e-06  3.0155e-06  3.0155e-06
  3.0174e-06  3.0192e-06  3.0210e-06  3.0228e-06  3.0247e-06  3.0265e-06
  3.0301e-06  3.0338e-06  3.0374e-06  3.0429e-06  3.0484e-06  3.0557e-06
  3.0630e-06  3.0739e-06  3.0849e-06  3.0976e-06  3.1140e-06  3.1323e-06
  3.1524e-06  3.1779e-06  3.2053e-06  3.2399e-06  3.2801e-06  3.3311e-06
  3.3913e-06  3.4625e-06  3.5628e-06  3.6723e-06  3.8109e-06  4.0116e-06
  4.2542e-06  4.5406e-06  4.8398e-06  5.1281e-06  5.4327e-06  5.5119e-06
  5.5937e-06  5.6760e-06  5.7567e-06  5.8334e-06  5.9036e-06  5.9654e-06
  6.0173e-06  6.0582e-06  6.0885e-06  6.1096e-06  6.1238e-06  6.1328e-06
  6.1378e-06  6.1401e-06  6.1407e-06  6.1407e-06  6.1407e-06  6.1407e-06
  6.1407e-06
# SF6 profile (VMR-PPMV) for lat -75.0 degrees, month 01:
  3.1471e-06  3.1471e-06  3.1471e-06  3.1471e-06  3.1471e-06  3.1471e-06
  3.1471e-06  3.1471e-06  3.1471e-06  3.1471e-06  3.1471e-06  3.1471e-06
  3.1471e-06  3.1471e-06  3.1471e-06  3.1471e-06  3.1471e-06  3.1471e-06
  3.1471e-06  3.1471e-06  3.1471e-06  3.1471e-06  3.1471e-06  3.1471e-06
  3.1471e-06  3.1471e-06  3.1471e-06  3.1471e-06  3.1471e-06  3.1471e-06
  3.1471e-06  3.1471e-06  3.1471e-06  3.1471e-06  3.1471e-06  3.1471e-06
  3.1471e-06  3.1471e-06  3.1471e-06  3.1471e-06  3.1471e-06  3.1471e-06
  3.1471e-06  3.1471e-06  3.1471e-06  3.1471e-06  3.1471e-06  3.1471e-06
  3.1471e-06  3.1471e-06  3.1471e-06  3.1471e-06  3.1471e-06  3.1471e-06
  3.1490e-06  3.1490e-06  3.1490e-06  3.1490e-06  3.1490e-06  3.1490e-06
  3.1490e-06  3.1510e-06  3.1510e-06  3.1510e-06  3.1529e-06  3.1529e-06
  3.1548e-06  3.1567e-06  3.1586e-06  3.1605e-06  3.1624e-06  3.1643e-06
  3.1681e-06  3.1719e-06  3.1758e-06  3.1815e-06  3.1872e-06  3.1948e-06
  3.2025e-06  3.2139e-06  3.2253e-06  3.2387e-06  3.2559e-06  3.2749e-06
  3.2959e-06  3.3226e-06  3.3512e-06  3.3875e-06  3.4294e-06  3.4828e-06
  3.5458e-06  3.6202e-06  3.7251e-06  3.8395e-06  3.9845e-06  4.1943e-06
  4.4480e-06  4.7474e-06  5.0602e-06  5.3616e-06  5.6801e-06  5.7253e-06
  5.7744e-06  5.8241e-06  5.8731e-06  5.9190e-06  5.9593e-06  5.9925e-06
  6.0174e-06  6.0340e-06  6.0434e-06  6.0486e-06  6.0516e-06  6.0528e-06
  6.0532e-06  6.0532e-06  6.0532e-06  6.0532e-06  6.0532e-06  6.0532e-06
  6.0532e-06
# SF6 profile (VMR-PPMV) for lat -45.0 degrees, month 01:
  3.2482e-06  3.2482e-06  3.2482e-06  3.2482e-06  3.2482e-06  3.2482e-06
  3.2482e-06  3.2482e-06  3.2482e-06  3.2482e-06  3.2482e-06  3.2482e-06
  3.2482e-06  3.2482e-06  3.2482e-06  3.2482e-06  3.2482e-06  3.2482e-06
  3.2482e-06  3.2482e-06  3.2482e-06  3.2482e-06  3.2482e-06  3.2482e-06
  3.2482e-06  3.2482e-06  3.2482e-06  3.2482e-06  3.2482e-06  3.2482e-06
  3.2482e-06  3.2482e-06  3.2482e-06  3.2482e-06  3.2482e-06  3.2482e-06
  3.2482e-06  3.2482e-06  3.2482e-06  3.2482e-06  3.2482e-06  3.2482e-06
  3.2482e-06  3.2482e-06  3.2482e-06  3.2482e-06  3.2482e-06  3.2482e-06
  3.2482e-06  3.2482e-06  3.2482e-06  3.2482e-06  3.2482e-06  3.2482e-06
  3.2502e-06  3.2502e-06  3.2502e-06  3.2502e-06  3.2502e-06  3.2502e-06
  3.2502e-06  3.2522e-06  3.2522e-06  3.2522e-06  3.2541e-06  3.2541e-06
  3.2561e-06  3.2581e-06  3.2601e-06  3.2620e-06  3.2640e-06  3.2660e-06
  3.2699e-06  3.2738e-06  3.2778e-06  3.2837e-06  3.2896e-06  3.2975e-06
  3.3053e-06  3.3171e-06  3.3290e-06  3.3427e-06  3.3605e-06  3.3801e-06
  3.4018e-06  3.4294e-06  3.4589e-06  3.4963e-06  3.5396e-06  3.5947e-06
  3.6597e-06  3.7365e-06  3.8447e-06  3.9629e-06  4.1125e-06  4.3290e-06
  4.5908e-06  4.8999e-06  5.2228e-06  5.5338e-06  5.8626e-06  5.9387e-06
  6.0120e-06  6.0798e-06  6.1405e-06  6.1916e-06  6.2316e-06  6.2609e-06
  6.2802e-06  6.2915e-06  6.2969e-06  6.2988e-06  6.2985e-06  6.2971e-06
  6.2958e-06  6.2955e-06  6.2955e-06  6.2955e-06  6.2955e-06  6.2955e-06
  6.2955e-06
# SF6 profile (VMR-PPMV) for lat -10. degrees, month 01:
  3.4626e-06  3.4626e-06  3.4626e-06  3.4626e-06  3.4626e-06  3.4626e-06
  3.4626e-06  3.4626e-06  3.4626e-06  3.4626e-06  3.4626e-06  3.4626e-06
  3.4626e-06  3.4626e-06  3.4626e-06  3.4626e-06  3.4626e-06  3.4626e-06
  3.4626e-06  3.4626e-06  3.4626e-06  3.4626e-06  3.4626e-06  3.4626e-06
  3.4626e-06  3.4626e-06  3.4626e-06  3.4626e-06  3.4626e-06  3.4626e-06
  3.4626e-06  3.4626e-06  3.4626e-06  3.4626e-06  3.4626e-06  3.4626e-06
  3.4626e-06  3.4626e-06  3.4626e-06  3.4626e-06  3.4626e-06  3.4626e-06
  3.4626e-06  3.4626e-06  3.4626e-06  3.4626e-06  3.4626e-06  3.4626e-06
  3.4626e-06  3.4626e-06  3.4626e-06  3.4626e-06  3.4626e-06  3.4626e-06
  3.4647e-06  3.4647e-06  3.4647e-06  3.4647e-06  3.4647e-06  3.4647e-06
  3.4647e-06  3.4668e-06  3.4668e-06  3.4668e-06  3.4689e-06  3.4689e-06
  3.4710e-06  3.4731e-06  3.4752e-06  3.4773e-06  3.4794e-06  3.4815e-06
  3.4857e-06  3.4899e-06  3.4940e-06  3.5003e-06  3.5066e-06  3.5150e-06
  3.5234e-06  3.5360e-06  3.5486e-06  3.5633e-06  3.5822e-06  3.6032e-06
  3.6263e-06  3.6556e-06  3.6871e-06  3.7270e-06  3.7732e-06  3.8319e-06
  3.9012e-06  3.9830e-06  4.0984e-06  4.2243e-06  4.3838e-06  4.6147e-06
  4.8938e-06  5.2232e-06  5.5674e-06  5.8990e-06  6.2494e-06  6.3091e-06
  6.3616e-06  6.4040e-06  6.4374e-06  6.4639e-06  6.4839e-06  6.4970e-06
  6.5035e-06  6.5057e-06  6.5063e-06  6.5063e-06  6.5063e-06  6.5063e-06
  6.5063e-06  6.5063e-06  6.5063e-06  6.5063e-06  6.5063e-06  6.5063e-06
  6.5063e-06
# SF6 profile (VMR-PPMV) for lat 10. degrees, month 01:
  3.4984e-06  3.4984e-06  3.4984e-06  3.4984e-06  3.4984e-06  3.4984e-06
  3.4984e-06  3.4984e-06  3.4984e-06  3.4984e-06  3.4984e-06  3.4984e-06
  3.4984e-06  3.4984e-06  3.4984e-06  3.4984e-06  3.4984e-06  3.4984e-06
  3.4984e-06  3.4984e-06  3.4984e-06  3.4984e-06  3.4984e-06  3.4984e-06
  3.4984e-06  3.4984e-06  3.4984e-06  3.4984e-06  3.4984e-06  3.4984e-06
  3.4984e-06  3.4984e-06  3.4984e-06  3.4984e-06  3.4984e-06  3.4984e-06
  3.4984e-06  3.4984e-06  3.4984e-06  3.4984e-06  3.4984e-06  3.4984e-06
  3.4984e-06  3.4984e-06  3.4984e-06  3.4984e-06  3.4984e-06  3.4984e-06
  3.4984e-06  3.4984e-06  3.4984e-06  3.4984e-06  3.4984e-06  3.4984e-06
  3.5005e-06  3.5005e-06  3.5005e-06  3.5005e-06  3.5005e-06  3.5005e-06
  3.5005e-06  3.5026e-06  3.5026e-06  3.5026e-06  3.5047e-06  3.5047e-06
  3.5068e-06  3.5090e-06  3.5111e-06  3.5132e-06  3.5153e-06  3.5174e-06
  3.5217e-06  3.5259e-06  3.5302e-06  3.5365e-06  3.5429e-06  3.5514e-06
  3.5598e-06  3.5726e-06  3.5853e-06  3.6001e-06  3.6192e-06  3.6404e-06
  3.6637e-06  3.6934e-06  3.7252e-06  3.7655e-06  3.8122e-06  3.8715e-06
  3.9415e-06  4.0242e-06  4.1408e-06  4.2680e-06  4.4291e-06  4.6624e-06
  4.9444e-06  5.2772e-06  5.6249e-06  5.9599e-06  6.3140e-06  6.3583e-06
  6.4021e-06  6.4433e-06  6.4764e-06  6.5040e-06  6.5277e-06  6.5457e-06
  6.5572e-06  6.5630e-06  6.5657e-06  6.5663e-06  6.5661e-06  6.5661e-06
  6.5661e-06  6.5661e-06  6.5661e-06  6.5661e-06  6.5661e-06  6.5661e-06
  6.5661e-06
# SF6 profile (VMR-PPMV) for lat 45 degrees, month 01:
  3.1362e-06  3.1362e-06  3.1362e-06  3.1362e-06  3.1362e-06  3.1362e-06
  3.1362e-06  3.1362e-06  3.1362e-06  3.1362e-06  3.1362e-06  3.1362e-06
  3.1362e-06  3.1362e-06  3.1362e-06  3.1362e-06  3.1362e-06  3.1362e-06
  3.1362e-06  3.1362e-06  3.1362e-06  3.1362e-06  3.1362e-06  3.1362e-06
  3.1362e-06  3.1362e-06  3.1362e-06  3.1362e-06  3.1362e-06  3.1362e-06
  3.1362e-06  3.1362e-06  3.1362e-06  3.1362e-06  3.1362e-06  3.1362e-06
  3.1362e-06  3.1362e-06  3.1362e-06  3.1362e-06  3.1362e-06  3.1362e-06
  3.1362e-06  3.1362e-06  3.1362e-06  3.1362e-06  3.1362e-06  3.1362e-06
  3.1362e-06  3.1362e-06  3.1362e-06  3.1362e-06  3.1362e-06  3.1362e-06
  3.1381e-06  3.1381e-06  3.1381e-06  3.1381e-06  3.1381e-06  3.1381e-06
  3.1381e-06  3.1400e-06  3.1400e-06  3.1400e-06  3.1419e-06  3.1419e-06
  3.1438e-06  3.1457e-06  3.1476e-06  3.1495e-06  3.1514e-06  3.1533e-06
  3.1571e-06  3.1609e-06  3.1647e-06  3.1704e-06  3.1761e-06  3.1837e-06
  3.1913e-06  3.2027e-06  3.2141e-06  3.2274e-06  3.2445e-06  3.2635e-06
  3.2844e-06  3.3111e-06  3.3396e-06  3.3757e-06  3.4175e-06  3.4707e-06
  3.5334e-06  3.6076e-06  3.7121e-06  3.8262e-06  3.9706e-06  4.1797e-06
  4.4325e-06  4.7309e-06  5.0426e-06  5.3429e-06  5.6604e-06  5.7364e-06
  5.8138e-06  5.8910e-06  5.9651e-06  6.0338e-06  6.0952e-06  6.1474e-06
  6.1893e-06  6.2208e-06  6.2436e-06  6.2588e-06  6.2683e-06  6.2734e-06
  6.2755e-06  6.2760e-06  6.2760e-06  6.2760e-06  6.2760e-06  6.2760e-06
  6.2760e-06
# SF6 profile (VMR-PPMV) for lat 75 degrees, month 01:
  3.0101e-06  3.0101e-06  3.0101e-06  3.0101e-06  3.0101e-06  3.0101e-06
  3.0101e-06  3.0101e-06  3.0101e-06  3.0101e-06  3.0101e-06  3.0101e-06
  3.0101e-06  3.0101e-06  3.0101e-06  3.0101e-06  3.0101e-06  3.0101e-06
  3.0101e-06  3.0101e-06  3.0101e-06  3.0101e-06  3.0101e-06  3.0101e-06
  3.0101e-06  3.0101e-06  3.0101e-06  3.0101e-06  3.0101e-06  3.0101e-06
  3.0101e-06  3.0101e-06  3.0101e-06  3.0101e-06  3.0101e-06  3.0101e-06
  3.0101e-06  3.0101e-06  3.0101e-06  3.0101e-06  3.0101e-06  3.0101e-06
  3.0101e-06  3.0101e-06  3.0101e-06  3.0101e-06  3.0101e-06  3.0101e-06
  3.0101e-06  3.0101e-06  3.0101e-06  3.0101e-06  3.0101e-06  3.0101e-06
  3.0119e-06  3.0119e-06  3.0119e-06  3.0119e-06  3.0119e-06  3.0119e-06
  3.0119e-06  3.0137e-06  3.0137e-06  3.0137e-06  3.0155e-06  3.0155e-06
  3.0174e-06  3.0192e-06  3.0210e-06  3.0228e-06  3.0247e-06  3.0265e-06
  3.0301e-06  3.0338e-06  3.0374e-06  3.0429e-06  3.0484e-06  3.0557e-06
  3.0630e-06  3.0739e-06  3.0849e-06  3.0976e-06  3.1140e-06  3.1323e-06
  3.1524e-06  3.1779e-06  3.2053e-06  3.2399e-06  3.2801e-06  3.3311e-06
  3.3913e-06  3.4625e-06  3.5628e-06  3.6723e-06  3.8109e-06  4.0116e-06
  4.2542e-06  4.5406e-06  4.8398e-06  5.1281e-06  5.4327e-06  5.5119e-06
  5.5937e-06  5.6760e-06  5.7567e-06  5.8334e-06  5.9036e-06  5.9654e-06
  6.0173e-06  6.0582e-06  6.0885e-06  6.1096e-06  6.1238e-06  6.1328e-06
  6.1378e-06  6.1401e-06  6.1407e-06  6.1407e-06  6.1407e-06  6.1407e-06
  6.1407e-06
# Last line of file.
