26-AUG-2016 17:08:42.000000
# V5.1 FILE generated by J.J. Remedios and D. Moore
# HITRAN code of the gas:
 47
# DN:
0 0 0 0 0 0
# HDO profile (VMR-PPMV) for lat -75.0 degrees, month 07:
  3.5805e-02  3.8306e-02  4.1059e-02  4.4052e-02  4.7299e-02  5.0885e-02
  5.4922e-02  5.9477e-02  6.4518e-02  6.9940e-02  7.5648e-02  8.1824e-02
  8.8834e-02  9.7122e-02  1.0684e-01  1.1784e-01  1.2997e-01  1.4322e-01
  1.5771e-01  1.7307e-01  1.8816e-01  2.0170e-01  2.1326e-01  2.2379e-01
  2.3493e-01  2.4827e-01  2.6488e-01  2.8537e-01  3.1039e-01  3.4117e-01
  3.7911e-01  4.2549e-01  4.8107e-01  5.4663e-01  6.2355e-01  7.1366e-01
  8.1830e-01  9.3704e-01  1.0675e+00  1.2067e+00  1.3524e+00  1.5025e+00
  1.6543e+00  1.8056e+00  1.9569e+00  2.1112e+00  2.2700e+00  2.4317e+00
  2.5932e+00  2.7520e+00  2.9064e+00  3.0526e+00  3.1876e+00  3.3104e+00
  3.4235e+00  3.5298e+00  3.6313e+00  3.7286e+00  3.8214e+00  3.9086e+00
  3.9872e+00  4.0540e+00  4.1061e+00  4.1439e+00  4.1691e+00  4.1856e+00
  4.1976e+00  4.2086e+00  4.2192e+00  4.2271e+00  4.2294e+00  4.2244e+00
  4.2117e+00  4.1924e+00  4.1684e+00  4.1432e+00  4.1196e+00  4.0988e+00
  4.0798e+00  4.0625e+00  4.0472e+00  4.0343e+00  4.0215e+00  4.0077e+00
  3.9933e+00  3.9787e+00  3.9658e+00  3.9562e+00  3.9522e+00  3.9520e+00
  3.9486e+00  3.9310e+00  3.8860e+00  3.7992e+00  3.6565e+00  3.4497e+00
  3.1823e+00  2.8738e+00  2.5537e+00  2.2554e+00  2.0025e+00  1.8041e+00
  1.6549e+00  1.5442e+00  1.4652e+00  1.4158e+00  1.3971e+00  1.4058e+00
  1.4649e+00  1.6678e+00  2.1746e+00  3.2955e+00  6.9815e+00  1.7105e+01
  3.7897e+01  7.0356e+01  1.1505e+02  1.7997e+02  2.7854e+02  4.1401e+02
  5.6598e+02
# HDO profile (VMR-PPMV) for lat -45.0 degrees, month 07:
  3.0867e-02  3.3027e-02  3.5402e-02  3.7981e-02  4.0773e-02  4.3852e-02
  4.7323e-02  5.1252e-02  5.5605e-02  6.0281e-02  6.5187e-02  7.0488e-02
  7.6517e-02  8.3660e-02  9.2036e-02  1.0150e-01  1.1195e-01  1.2337e-01
  1.3580e-01  1.4903e-01  1.6049e-01  1.7149e-01  1.8354e-01  1.9441e-01
  2.0500e-01  2.1792e-01  2.3547e-01  2.5841e-01  2.8681e-01  3.2137e-01
  3.6373e-01  4.1552e-01  4.7859e-01  5.5430e-01  6.4409e-01  7.4905e-01
  8.6937e-01  1.0038e+00  1.1504e+00  1.3081e+00  1.4742e+00  1.6429e+00
  1.8079e+00  1.9674e+00  2.1233e+00  2.2778e+00  2.4307e+00  2.5826e+00
  2.7346e+00  2.8851e+00  3.0275e+00  3.1542e+00  3.2630e+00  3.3587e+00
  3.4477e+00  3.5341e+00  3.6194e+00  3.7054e+00  3.7913e+00  3.8724e+00
  3.9415e+00  3.9963e+00  4.0375e+00  4.0641e+00  4.0732e+00  4.0697e+00
  4.0682e+00  4.0790e+00  4.0987e+00  4.1142e+00  4.1197e+00  4.1169e+00
  4.1090e+00  4.0976e+00  4.0827e+00  4.0638e+00  4.0398e+00  4.0157e+00
  4.0006e+00  3.9935e+00  3.9785e+00  3.9381e+00  3.8737e+00  3.8002e+00
  3.7275e+00  3.6525e+00  3.5683e+00  3.4762e+00  3.3828e+00  3.2911e+00
  3.1972e+00  3.0959e+00  2.9887e+00  2.8801e+00  2.7739e+00  2.6691e+00
  2.5626e+00  2.4528e+00  2.3405e+00  2.2273e+00  2.1123e+00  1.9942e+00
  1.8742e+00  1.7582e+00  1.6541e+00  1.5808e+00  1.5891e+00  1.7795e+00
  2.3811e+00  3.8176e+00  7.1017e+00  1.4262e+01  2.8490e+01  4.9694e+01
  7.7320e+01  1.1572e+02  1.8164e+02  3.0498e+02  5.1174e+02  7.9922e+02
  1.1207e+03
# HDO profile (VMR-PPMV) for lat -10. degrees, month 07:
  2.0887e-02  2.2345e-02  2.3949e-02  2.5690e-02  2.7575e-02  2.9655e-02
  3.2002e-02  3.4659e-02  3.7613e-02  4.0794e-02  4.4138e-02  4.7745e-02
  5.1827e-02  5.6648e-02  6.2296e-02  6.8699e-02  7.5768e-02  8.3485e-02
  9.1346e-02  9.8382e-02  1.0323e-01  1.0838e-01  1.1641e-01  1.2635e-01
  1.3925e-01  1.5667e-01  1.7960e-01  2.0885e-01  2.4548e-01  2.9338e-01
  3.5757e-01  4.4383e-01  5.5635e-01  6.9826e-01  8.7306e-01  1.0799e+00
  1.3106e+00  1.5493e+00  1.7810e+00  2.0011e+00  2.2162e+00  2.4379e+00
  2.6706e+00  2.9042e+00  3.1236e+00  3.3184e+00  3.4899e+00  3.6435e+00
  3.7850e+00  3.9175e+00  4.0390e+00  4.1440e+00  4.2257e+00  4.2866e+00
  4.3350e+00  4.3796e+00  4.4206e+00  4.4547e+00  4.4840e+00  4.5160e+00
  4.5548e+00  4.5940e+00  4.6153e+00  4.5952e+00  4.5251e+00  4.4233e+00
  4.3309e+00  4.2763e+00  4.2571e+00  4.2452e+00  4.2120e+00  4.1478e+00
  4.0575e+00  3.9610e+00  3.8773e+00  3.8071e+00  3.7350e+00  3.6405e+00
  3.5306e+00  3.4217e+00  3.3182e+00  3.2044e+00  3.0599e+00  2.8917e+00
  2.7229e+00  2.5756e+00  2.4529e+00  2.3448e+00  2.2436e+00  2.1467e+00
  2.0559e+00  1.9783e+00  1.9217e+00  1.8897e+00  1.8724e+00  1.8508e+00
  1.8058e+00  1.7289e+00  1.6291e+00  1.5338e+00  1.4749e+00  1.4785e+00
  1.5740e+00  1.8654e+00  2.6853e+00  4.6204e+00  8.5400e+00  1.5450e+01
  2.5991e+01  3.9569e+01  5.5942e+01  7.6888e+01  1.0552e+02  1.3982e+02
  1.7976e+02  2.3811e+02  3.4156e+02  5.1655e+02  7.7021e+02  1.0859e+03
  1.4249e+03
# HDO profile (VMR-PPMV) for lat 10. degrees, month 07:
  1.6065e-02  1.7189e-02  1.8421e-02  1.9760e-02  2.1214e-02  2.2820e-02
  2.4626e-02  2.6666e-02  2.8933e-02  3.1376e-02  3.3947e-02  3.6717e-02
  3.9845e-02  4.3541e-02  4.7883e-02  5.2824e-02  5.8281e-02  6.4231e-02
  7.0879e-02  7.8214e-02  8.6706e-02  9.7551e-02  1.1279e-01  1.3367e-01
  1.6037e-01  1.9289e-01  2.3142e-01  2.7649e-01  3.2786e-01  3.8555e-01
  4.5070e-01  5.2859e-01  6.2964e-01  7.6414e-01  9.3507e-01  1.1334e+00
  1.3438e+00  1.5546e+00  1.7632e+00  1.9721e+00  2.1816e+00  2.3898e+00
  2.5982e+00  2.8102e+00  3.0251e+00  3.2353e+00  3.4313e+00  3.6069e+00
  3.7577e+00  3.8838e+00  3.9889e+00  4.0798e+00  4.1579e+00  4.2201e+00
  4.2656e+00  4.2995e+00  4.3286e+00  4.3532e+00  4.3730e+00  4.3920e+00
  4.4152e+00  4.4375e+00  4.4402e+00  4.4033e+00  4.3240e+00  4.2200e+00
  4.1200e+00  4.0438e+00  3.9944e+00  3.9578e+00  3.9106e+00  3.8354e+00
  3.7282e+00  3.6007e+00  3.4709e+00  3.3582e+00  3.2709e+00  3.1986e+00
  3.1253e+00  3.0442e+00  2.9601e+00  2.8727e+00  2.7749e+00  2.6624e+00
  2.5396e+00  2.4179e+00  2.3071e+00  2.2096e+00  2.1221e+00  2.0424e+00
  1.9770e+00  1.9340e+00  1.9142e+00  1.9087e+00  1.9018e+00  1.8772e+00
  1.8212e+00  1.7328e+00  1.6323e+00  1.5614e+00  1.5607e+00  1.6480e+00
  1.8391e+00  2.2527e+00  3.3565e+00  6.2544e+00  1.2633e+01  2.6223e+01
  5.2170e+01  9.7053e+01  1.6318e+02  2.4406e+02  3.2653e+02  4.0306e+02
  4.8394e+02  5.9674e+02  7.7270e+02  1.0243e+03  1.3365e+03  1.6794e+03
  2.0299e+03
# HDO profile (VMR-PPMV) for lat 45 degrees, month 07:
  1.9304e-02  2.0659e-02  2.2147e-02  2.3761e-02  2.5505e-02  2.7432e-02
  2.9605e-02  3.2063e-02  3.4783e-02  3.7708e-02  4.0786e-02  4.4116e-02
  4.7896e-02  5.2371e-02  5.7616e-02  6.3547e-02  7.0084e-02  7.7229e-02
  8.4852e-02  9.2566e-02  1.0054e-01  1.1109e-01  1.2889e-01  1.5940e-01
  2.0676e-01  2.7384e-01  3.6325e-01  4.7748e-01  6.1690e-01  7.7875e-01
  9.5960e-01  1.1580e+00  1.3743e+00  1.6081e+00  1.8554e+00  2.1099e+00
  2.3628e+00  2.6044e+00  2.8262e+00  3.0233e+00  3.1956e+00  3.3463e+00
  3.4791e+00  3.5966e+00  3.6997e+00  3.7890e+00  3.8670e+00  3.9374e+00
  4.0048e+00  4.0724e+00  4.1397e+00  4.2036e+00  4.2600e+00  4.3081e+00
  4.3496e+00  4.3880e+00  4.4271e+00  4.4690e+00  4.5130e+00  4.5558e+00
  4.5915e+00  4.6125e+00  4.6105e+00  4.5811e+00  4.5284e+00  4.4647e+00
  4.4061e+00  4.3644e+00  4.3414e+00  4.3307e+00  4.3240e+00  4.3138e+00
  4.2937e+00  4.2585e+00  4.2075e+00  4.1434e+00  4.0680e+00  3.9849e+00
  3.9006e+00  3.8216e+00  3.7504e+00  3.6831e+00  3.6138e+00  3.5373e+00
  3.4522e+00  3.3602e+00  3.2611e+00  3.1533e+00  3.0377e+00  2.9196e+00
  2.8054e+00  2.6996e+00  2.6050e+00  2.5231e+00  2.4512e+00  2.3822e+00
  2.3080e+00  2.2217e+00  2.1210e+00  2.0107e+00  1.9060e+00  1.8286e+00
  1.8009e+00  1.8499e+00  2.0505e+00  2.6695e+00  4.3940e+00  8.5801e+00
  1.7383e+01  3.3671e+01  6.0717e+01  1.0805e+02  1.8809e+02  3.1060e+02
  4.8389e+02  7.1831e+02  1.0143e+03  1.3359e+03  1.6141e+03  1.8081e+03
  1.9595e+03
# HDO profile (VMR-PPMV) for lat 75 degrees, month 07:
  1.8239e-02  1.9513e-02  2.0915e-02  2.2441e-02  2.4096e-02  2.5922e-02
  2.7979e-02  3.0300e-02  3.2869e-02  3.5630e-02  3.8535e-02  4.1678e-02
  4.5242e-02  4.9453e-02  5.4385e-02  5.9975e-02  6.6161e-02  7.2936e-02
  8.0317e-02  8.8048e-02  9.6133e-02  1.0722e-01  1.2761e-01  1.6650e-01
  2.3111e-01  3.2406e-01  4.4293e-01  5.8270e-01  7.4030e-01  9.1666e-01
  1.1150e+00  1.3387e+00  1.5923e+00  1.8822e+00  2.2081e+00  2.5567e+00
  2.9061e+00  3.2365e+00  3.5334e+00  3.7835e+00  3.9773e+00  4.1123e+00
  4.1956e+00  4.2402e+00  4.2598e+00  4.2676e+00  4.2743e+00  4.2882e+00
  4.3126e+00  4.3467e+00  4.3869e+00  4.4292e+00  4.4703e+00  4.5091e+00
  4.5466e+00  4.5843e+00  4.6238e+00  4.6664e+00  4.7118e+00  4.7549e+00
  4.7875e+00  4.8020e+00  4.7971e+00  4.7755e+00  4.7430e+00  4.7058e+00
  4.6693e+00  4.6362e+00  4.6065e+00  4.5808e+00  4.5605e+00  4.5441e+00
  4.5250e+00  4.4966e+00  4.4568e+00  4.4088e+00  4.3560e+00  4.2994e+00
  4.2381e+00  4.1705e+00  4.0969e+00  4.0178e+00  3.9330e+00  3.8416e+00
  3.7439e+00  3.6411e+00  3.5338e+00  3.4208e+00  3.3017e+00  3.1777e+00
  3.0524e+00  2.9302e+00  2.8152e+00  2.7102e+00  2.6162e+00  2.5312e+00
  2.4498e+00  2.3645e+00  2.2682e+00  2.1567e+00  2.0306e+00  1.8966e+00
  1.7679e+00  1.6660e+00  1.6209e+00  1.7160e+00  2.3341e+00  4.6906e+00
  1.1354e+01  2.5947e+01  5.3568e+01  1.0071e+02  1.6832e+02  3.0715e+02
  6.0850e+02  1.1535e+03  1.9063e+03  2.7576e+03  3.6344e+03  4.5165e+03
  5.4118e+03
# HDO profile (VMR-PPMV) for lat -75.0 degrees, month 07:
  3.5805e-02  3.8306e-02  4.1059e-02  4.4052e-02  4.7299e-02  5.0885e-02
  5.4922e-02  5.9477e-02  6.4518e-02  6.9940e-02  7.5648e-02  8.1824e-02
  8.8834e-02  9.7122e-02  1.0684e-01  1.1784e-01  1.2997e-01  1.4322e-01
  1.5771e-01  1.7307e-01  1.8816e-01  2.0170e-01  2.1326e-01  2.2379e-01
  2.3493e-01  2.4827e-01  2.6488e-01  2.8537e-01  3.1039e-01  3.4117e-01
  3.7911e-01  4.2549e-01  4.8107e-01  5.4663e-01  6.2355e-01  7.1366e-01
  8.1830e-01  9.3704e-01  1.0675e+00  1.2067e+00  1.3524e+00  1.5025e+00
  1.6543e+00  1.8056e+00  1.9569e+00  2.1112e+00  2.2700e+00  2.4317e+00
  2.5932e+00  2.7520e+00  2.9064e+00  3.0526e+00  3.1876e+00  3.3104e+00
  3.4235e+00  3.5298e+00  3.6313e+00  3.7286e+00  3.8214e+00  3.9086e+00
  3.9872e+00  4.0540e+00  4.1061e+00  4.1439e+00  4.1691e+00  4.1856e+00
  4.1976e+00  4.2086e+00  4.2192e+00  4.2271e+00  4.2294e+00  4.2244e+00
  4.2117e+00  4.1924e+00  4.1684e+00  4.1432e+00  4.1196e+00  4.0988e+00
  4.0798e+00  4.0625e+00  4.0472e+00  4.0343e+00  4.0215e+00  4.0077e+00
  3.9933e+00  3.9787e+00  3.9658e+00  3.9562e+00  3.9522e+00  3.9520e+00
  3.9486e+00  3.9310e+00  3.8860e+00  3.7992e+00  3.6565e+00  3.4497e+00
  3.1823e+00  2.8738e+00  2.5537e+00  2.2554e+00  2.0025e+00  1.8041e+00
  1.6549e+00  1.5442e+00  1.4652e+00  1.4158e+00  1.3971e+00  1.4058e+00
  1.4649e+00  1.6678e+00  2.1746e+00  3.2955e+00  6.9815e+00  1.7105e+01
  3.7897e+01  7.0356e+01  1.1505e+02  1.7997e+02  2.7854e+02  4.1401e+02
  5.6598e+02
# HDO profile (VMR-PPMV) for lat -45.0 degrees, month 07:
  3.0867e-02  3.3027e-02  3.5402e-02  3.7981e-02  4.0773e-02  4.3852e-02
  4.7323e-02  5.1252e-02  5.5605e-02  6.0281e-02  6.5187e-02  7.0488e-02
  7.6517e-02  8.3660e-02  9.2036e-02  1.0150e-01  1.1195e-01  1.2337e-01
  1.3580e-01  1.4903e-01  1.6049e-01  1.7149e-01  1.8354e-01  1.9441e-01
  2.0500e-01  2.1792e-01  2.3547e-01  2.5841e-01  2.8681e-01  3.2137e-01
  3.6373e-01  4.1552e-01  4.7859e-01  5.5430e-01  6.4409e-01  7.4905e-01
  8.6937e-01  1.0038e+00  1.1504e+00  1.3081e+00  1.4742e+00  1.6429e+00
  1.8079e+00  1.9674e+00  2.1233e+00  2.2778e+00  2.4307e+00  2.5826e+00
  2.7346e+00  2.8851e+00  3.0275e+00  3.1542e+00  3.2630e+00  3.3587e+00
  3.4477e+00  3.5341e+00  3.6194e+00  3.7054e+00  3.7913e+00  3.8724e+00
  3.9415e+00  3.9963e+00  4.0375e+00  4.0641e+00  4.0732e+00  4.0697e+00
  4.0682e+00  4.0790e+00  4.0987e+00  4.1142e+00  4.1197e+00  4.1169e+00
  4.1090e+00  4.0976e+00  4.0827e+00  4.0638e+00  4.0398e+00  4.0157e+00
  4.0006e+00  3.9935e+00  3.9785e+00  3.9381e+00  3.8737e+00  3.8002e+00
  3.7275e+00  3.6525e+00  3.5683e+00  3.4762e+00  3.3828e+00  3.2911e+00
  3.1972e+00  3.0959e+00  2.9887e+00  2.8801e+00  2.7739e+00  2.6691e+00
  2.5626e+00  2.4528e+00  2.3405e+00  2.2273e+00  2.1123e+00  1.9942e+00
  1.8742e+00  1.7582e+00  1.6541e+00  1.5808e+00  1.5891e+00  1.7795e+00
  2.3811e+00  3.8176e+00  7.1017e+00  1.4262e+01  2.8490e+01  4.9694e+01
  7.7320e+01  1.1572e+02  1.8164e+02  3.0498e+02  5.1174e+02  7.9922e+02
  1.1207e+03
# HDO profile (VMR-PPMV) for lat -10. degrees, month 07:
  2.0887e-02  2.2345e-02  2.3949e-02  2.5690e-02  2.7575e-02  2.9655e-02
  3.2002e-02  3.4659e-02  3.7613e-02  4.0794e-02  4.4138e-02  4.7745e-02
  5.1827e-02  5.6648e-02  6.2296e-02  6.8699e-02  7.5768e-02  8.3485e-02
  9.1346e-02  9.8382e-02  1.0323e-01  1.0838e-01  1.1641e-01  1.2635e-01
  1.3925e-01  1.5667e-01  1.7960e-01  2.0885e-01  2.4548e-01  2.9338e-01
  3.5757e-01  4.4383e-01  5.5635e-01  6.9826e-01  8.7306e-01  1.0799e+00
  1.3106e+00  1.5493e+00  1.7810e+00  2.0011e+00  2.2162e+00  2.4379e+00
  2.6706e+00  2.9042e+00  3.1236e+00  3.3184e+00  3.4899e+00  3.6435e+00
  3.7850e+00  3.9175e+00  4.0390e+00  4.1440e+00  4.2257e+00  4.2866e+00
  4.3350e+00  4.3796e+00  4.4206e+00  4.4547e+00  4.4840e+00  4.5160e+00
  4.5548e+00  4.5940e+00  4.6153e+00  4.5952e+00  4.5251e+00  4.4233e+00
  4.3309e+00  4.2763e+00  4.2571e+00  4.2452e+00  4.2120e+00  4.1478e+00
  4.0575e+00  3.9610e+00  3.8773e+00  3.8071e+00  3.7350e+00  3.6405e+00
  3.5306e+00  3.4217e+00  3.3182e+00  3.2044e+00  3.0599e+00  2.8917e+00
  2.7229e+00  2.5756e+00  2.4529e+00  2.3448e+00  2.2436e+00  2.1467e+00
  2.0559e+00  1.9783e+00  1.9217e+00  1.8897e+00  1.8724e+00  1.8508e+00
  1.8058e+00  1.7289e+00  1.6291e+00  1.5338e+00  1.4749e+00  1.4785e+00
  1.5740e+00  1.8654e+00  2.6853e+00  4.6204e+00  8.5400e+00  1.5450e+01
  2.5991e+01  3.9569e+01  5.5942e+01  7.6888e+01  1.0552e+02  1.3982e+02
  1.7976e+02  2.3811e+02  3.4156e+02  5.1655e+02  7.7021e+02  1.0859e+03
  1.4249e+03
# HDO profile (VMR-PPMV) for lat 10. degrees, month 07:
  1.6065e-02  1.7189e-02  1.8421e-02  1.9760e-02  2.1214e-02  2.2820e-02
  2.4626e-02  2.6666e-02  2.8933e-02  3.1376e-02  3.3947e-02  3.6717e-02
  3.9845e-02  4.3541e-02  4.7883e-02  5.2824e-02  5.8281e-02  6.4231e-02
  7.0879e-02  7.8214e-02  8.6706e-02  9.7551e-02  1.1279e-01  1.3367e-01
  1.6037e-01  1.9289e-01  2.3142e-01  2.7649e-01  3.2786e-01  3.8555e-01
  4.5070e-01  5.2859e-01  6.2964e-01  7.6414e-01  9.3507e-01  1.1334e+00
  1.3438e+00  1.5546e+00  1.7632e+00  1.9721e+00  2.1816e+00  2.3898e+00
  2.5982e+00  2.8102e+00  3.0251e+00  3.2353e+00  3.4313e+00  3.6069e+00
  3.7577e+00  3.8838e+00  3.9889e+00  4.0798e+00  4.1579e+00  4.2201e+00
  4.2656e+00  4.2995e+00  4.3286e+00  4.3532e+00  4.3730e+00  4.3920e+00
  4.4152e+00  4.4375e+00  4.4402e+00  4.4033e+00  4.3240e+00  4.2200e+00
  4.1200e+00  4.0438e+00  3.9944e+00  3.9578e+00  3.9106e+00  3.8354e+00
  3.7282e+00  3.6007e+00  3.4709e+00  3.3582e+00  3.2709e+00  3.1986e+00
  3.1253e+00  3.0442e+00  2.9601e+00  2.8727e+00  2.7749e+00  2.6624e+00
  2.5396e+00  2.4179e+00  2.3071e+00  2.2096e+00  2.1221e+00  2.0424e+00
  1.9770e+00  1.9340e+00  1.9142e+00  1.9087e+00  1.9018e+00  1.8772e+00
  1.8212e+00  1.7328e+00  1.6323e+00  1.5614e+00  1.5607e+00  1.6480e+00
  1.8391e+00  2.2527e+00  3.3565e+00  6.2544e+00  1.2633e+01  2.6223e+01
  5.2170e+01  9.7053e+01  1.6318e+02  2.4406e+02  3.2653e+02  4.0306e+02
  4.8394e+02  5.9674e+02  7.7270e+02  1.0243e+03  1.3365e+03  1.6794e+03
  2.0299e+03
# HDO profile (VMR-PPMV) for lat 45 degrees, month 07:
  1.9304e-02  2.0659e-02  2.2147e-02  2.3761e-02  2.5505e-02  2.7432e-02
  2.9605e-02  3.2063e-02  3.4783e-02  3.7708e-02  4.0786e-02  4.4116e-02
  4.7896e-02  5.2371e-02  5.7616e-02  6.3547e-02  7.0084e-02  7.7229e-02
  8.4852e-02  9.2566e-02  1.0054e-01  1.1109e-01  1.2889e-01  1.5940e-01
  2.0676e-01  2.7384e-01  3.6325e-01  4.7748e-01  6.1690e-01  7.7875e-01
  9.5960e-01  1.1580e+00  1.3743e+00  1.6081e+00  1.8554e+00  2.1099e+00
  2.3628e+00  2.6044e+00  2.8262e+00  3.0233e+00  3.1956e+00  3.3463e+00
  3.4791e+00  3.5966e+00  3.6997e+00  3.7890e+00  3.8670e+00  3.9374e+00
  4.0048e+00  4.0724e+00  4.1397e+00  4.2036e+00  4.2600e+00  4.3081e+00
  4.3496e+00  4.3880e+00  4.4271e+00  4.4690e+00  4.5130e+00  4.5558e+00
  4.5915e+00  4.6125e+00  4.6105e+00  4.5811e+00  4.5284e+00  4.4647e+00
  4.4061e+00  4.3644e+00  4.3414e+00  4.3307e+00  4.3240e+00  4.3138e+00
  4.2937e+00  4.2585e+00  4.2075e+00  4.1434e+00  4.0680e+00  3.9849e+00
  3.9006e+00  3.8216e+00  3.7504e+00  3.6831e+00  3.6138e+00  3.5373e+00
  3.4522e+00  3.3602e+00  3.2611e+00  3.1533e+00  3.0377e+00  2.9196e+00
  2.8054e+00  2.6996e+00  2.6050e+00  2.5231e+00  2.4512e+00  2.3822e+00
  2.3080e+00  2.2217e+00  2.1210e+00  2.0107e+00  1.9060e+00  1.8286e+00
  1.8009e+00  1.8499e+00  2.0505e+00  2.6695e+00  4.3940e+00  8.5801e+00
  1.7383e+01  3.3671e+01  6.0717e+01  1.0805e+02  1.8809e+02  3.1060e+02
  4.8389e+02  7.1831e+02  1.0143e+03  1.3359e+03  1.6141e+03  1.8081e+03
  1.9595e+03
# HDO profile (VMR-PPMV) for lat 75 degrees, month 07:
  1.8239e-02  1.9513e-02  2.0915e-02  2.2441e-02  2.4096e-02  2.5922e-02
  2.7979e-02  3.0300e-02  3.2869e-02  3.5630e-02  3.8535e-02  4.1678e-02
  4.5242e-02  4.9453e-02  5.4385e-02  5.9975e-02  6.6161e-02  7.2936e-02
  8.0317e-02  8.8048e-02  9.6133e-02  1.0722e-01  1.2761e-01  1.6650e-01
  2.3111e-01  3.2406e-01  4.4293e-01  5.8270e-01  7.4030e-01  9.1666e-01
  1.1150e+00  1.3387e+00  1.5923e+00  1.8822e+00  2.2081e+00  2.5567e+00
  2.9061e+00  3.2365e+00  3.5334e+00  3.7835e+00  3.9773e+00  4.1123e+00
  4.1956e+00  4.2402e+00  4.2598e+00  4.2676e+00  4.2743e+00  4.2882e+00
  4.3126e+00  4.3467e+00  4.3869e+00  4.4292e+00  4.4703e+00  4.5091e+00
  4.5466e+00  4.5843e+00  4.6238e+00  4.6664e+00  4.7118e+00  4.7549e+00
  4.7875e+00  4.8020e+00  4.7971e+00  4.7755e+00  4.7430e+00  4.7058e+00
  4.6693e+00  4.6362e+00  4.6065e+00  4.5808e+00  4.5605e+00  4.5441e+00
  4.5250e+00  4.4966e+00  4.4568e+00  4.4088e+00  4.3560e+00  4.2994e+00
  4.2381e+00  4.1705e+00  4.0969e+00  4.0178e+00  3.9330e+00  3.8416e+00
  3.7439e+00  3.6411e+00  3.5338e+00  3.4208e+00  3.3017e+00  3.1777e+00
  3.0524e+00  2.9302e+00  2.8152e+00  2.7102e+00  2.6162e+00  2.5312e+00
  2.4498e+00  2.3645e+00  2.2682e+00  2.1567e+00  2.0306e+00  1.8966e+00
  1.7679e+00  1.6660e+00  1.6209e+00  1.7160e+00  2.3341e+00  4.6906e+00
  1.1354e+01  2.5947e+01  5.3568e+01  1.0071e+02  1.6832e+02  3.0715e+02
  6.0850e+02  1.1535e+03  1.9063e+03  2.7576e+03  3.6344e+03  4.5165e+03
  5.4118e+03
# Last line of file.
