18-APR-2016 11:00:28.000000
# V5.1 FILE generated by J.J. Remedios and D. Moore
# HITRAN code of the gas:
 21
# DN:
1 1 1 1 1 1
# HOCl profile (VMR-PPMV) for lat -75.0 degrees, month 07:
  2.5885e-11  2.5885e-11  2.5885e-11  2.5885e-11  2.5885e-11  2.5885e-11
  2.5885e-11  2.5885e-11  2.5885e-11  2.5885e-11  2.5885e-11  2.5885e-11
  2.5885e-11  2.5885e-11  2.5885e-11  2.5885e-11  2.5885e-11  2.5885e-11
  2.5885e-11  2.5885e-11  2.5885e-11  2.5885e-11  2.5885e-11  2.5885e-11
  2.5885e-11  2.5885e-11  2.5885e-11  2.5885e-11  2.5885e-11  2.5885e-11
  2.5885e-11  2.5885e-11  2.5885e-11  2.5885e-11  2.5885e-11  2.5885e-11
  2.5885e-11  2.5885e-11  2.5885e-11  2.5885e-11  2.5885e-11  2.5885e-11
  2.5885e-11  2.5885e-11  2.5885e-11  2.5885e-11  2.5885e-11  2.5885e-11
  2.5885e-11  2.5885e-11  2.5885e-11  2.5885e-11  2.5885e-11  2.5885e-11
  2.5885e-11  2.5885e-11  6.0744e-11  9.5602e-11  1.3428e-10  1.8503e-10
  2.5532e-10  3.7014e-10  5.5797e-10  8.4288e-10  1.3328e-09  2.1469e-09
  3.3873e-09  5.5784e-09  9.3134e-09  1.5098e-08  2.4128e-08  3.8712e-08
  6.2876e-08  1.0549e-07  1.7877e-07  2.9826e-07  4.8978e-07  7.9162e-07
  1.2532e-06  1.9421e-06  2.9323e-06  4.2912e-06  6.0601e-06  8.2609e-06
  1.0877e-05  1.3858e-05  1.7121e-05  2.0533e-05  2.3808e-05  2.6556e-05
  2.8393e-05  2.9154e-05  2.9001e-05  2.8363e-05  2.7715e-05  2.7309e-05
  2.7008e-05  2.6333e-05  2.4937e-05  2.2754e-05  2.0097e-05  1.7368e-05
  1.5076e-05  1.3511e-05  1.2809e-05  1.2784e-05  1.3126e-05  1.3283e-05
  1.2778e-05  1.1385e-05  9.2549e-06  6.8155e-06  4.6127e-06  3.0279e-06
  2.1011e-06  1.6513e-06  1.4502e-06  1.3636e-06  1.3189e-06  1.2805e-06
  1.2507e-06
# HOCl profile (VMR-PPMV) for lat -45.0 degrees, month 07:
  2.5311e-11  2.5311e-11  2.5311e-11  2.5311e-11  2.5311e-11  2.5311e-11
  2.5311e-11  2.5311e-11  2.5311e-11  2.5311e-11  2.5311e-11  2.5311e-11
  2.5311e-11  2.5311e-11  2.5311e-11  2.5311e-11  2.5311e-11  2.5311e-11
  2.5311e-11  2.5311e-11  2.5311e-11  2.5311e-11  2.5311e-11  2.5311e-11
  2.5311e-11  2.5311e-11  2.5311e-11  2.5311e-11  2.5311e-11  2.5311e-11
  2.5311e-11  2.5311e-11  2.5311e-11  2.5311e-11  2.5311e-11  2.5311e-11
  2.5311e-11  2.5311e-11  2.5311e-11  2.5311e-11  2.5311e-11  2.5311e-11
  2.5311e-11  2.5311e-11  2.5311e-11  2.5311e-11  2.5311e-11  2.5311e-11
  2.5311e-11  2.5311e-11  2.5311e-11  2.5311e-11  2.5311e-11  2.5311e-11
  2.5311e-11  2.5311e-11  2.5311e-11  5.0631e-11  7.7447e-11  1.1029e-10
  1.5253e-10  2.1626e-10  3.1533e-10  4.6140e-10  7.4969e-10  1.2881e-09
  2.1760e-09  3.9902e-09  7.3849e-09  1.2929e-08  2.2188e-08  3.8236e-08
  6.6566e-08  1.2084e-07  2.2093e-07  3.9373e-07  6.8895e-07  1.1872e-06
  1.9997e-06  3.3002e-06  5.3045e-06  8.2491e-06  1.2345e-05  1.7839e-05
  2.4942e-05  3.3834e-05  4.4616e-05  5.7403e-05  7.2100e-05  8.8365e-05
  1.0550e-04  1.2254e-04  1.3780e-04  1.4932e-04  1.5526e-04  1.5465e-04
  1.4731e-04  1.3419e-04  1.1716e-04  9.8525e-05  8.0203e-05  6.3563e-05
  4.9545e-05  3.8501e-05  3.0407e-05  2.4813e-05  2.1151e-05  1.8644e-05
  1.6559e-05  1.4397e-05  1.2024e-05  9.5665e-06  7.2914e-06  5.4535e-06
  4.1104e-06  3.1690e-06  2.4780e-06  1.9376e-06  1.4835e-06  1.0255e-06
  6.6629e-07
# HOCl profile (VMR-PPMV) for lat -10. degrees, month 07:
  1.3944e-11  1.3944e-11  1.3944e-11  1.3944e-11  1.3944e-11  1.3944e-11
  1.3944e-11  1.3944e-11  1.3944e-11  1.3944e-11  1.3944e-11  1.3944e-11
  1.3944e-11  1.3944e-11  1.3944e-11  1.3944e-11  1.3944e-11  1.3944e-11
  1.3944e-11  1.3944e-11  1.3944e-11  1.3944e-11  1.3944e-11  1.3944e-11
  1.3944e-11  1.3944e-11  1.3944e-11  1.3944e-11  1.3944e-11  1.3944e-11
  1.3944e-11  1.3944e-11  1.3944e-11  1.3944e-11  1.3944e-11  1.3944e-11
  1.3944e-11  1.3944e-11  1.3944e-11  1.3944e-11  1.3944e-11  1.3944e-11
  1.3944e-11  1.3944e-11  1.3944e-11  1.3944e-11  1.3944e-11  1.3944e-11
  1.3944e-11  1.3944e-11  1.3944e-11  1.3944e-11  1.3944e-11  1.3944e-11
  1.3944e-11  1.3944e-11  5.9066e-11  1.0419e-10  1.5097e-10  2.0445e-10
  2.6862e-10  3.5747e-10  4.8701e-10  6.7073e-10  9.8521e-10  1.5161e-09
  2.3392e-09  3.7847e-09  6.2239e-09  9.9632e-09  1.5774e-08  2.5172e-08
  4.0844e-08  7.0084e-08  1.2418e-07  2.1957e-07  3.9085e-07  7.0482e-07
  1.2654e-06  2.2776e-06  4.0485e-06  6.9847e-06  1.1547e-05  1.8387e-05
  2.8193e-05  4.1652e-05  5.9262e-05  8.1243e-05  1.0693e-04  1.3461e-04
  1.6148e-04  1.8393e-04  1.9798e-04  2.0091e-04  1.9214e-04  1.7343e-04
  1.4790e-04  1.1944e-04  9.1600e-05  6.6807e-05  4.6201e-05  3.0187e-05
  1.8710e-05  1.1196e-05  6.7455e-06  4.3163e-06  3.0868e-06  2.4940e-06
  2.2134e-06  2.0930e-06  2.0454e-06  2.0032e-06  1.9041e-06  1.7148e-06
  1.4425e-06  1.1311e-06  8.2651e-07  5.6793e-07  3.7032e-07  2.0341e-07
  1.2366e-07
# HOCl profile (VMR-PPMV) for lat 10. degrees, month 07:
  1.2559e-11  1.2559e-11  1.2559e-11  1.2559e-11  1.2559e-11  1.2559e-11
  1.2559e-11  1.2559e-11  1.2559e-11  1.2559e-11  1.2559e-11  1.2559e-11
  1.2559e-11  1.2559e-11  1.2559e-11  1.2559e-11  1.2559e-11  1.2559e-11
  1.2559e-11  1.2559e-11  1.2559e-11  1.2559e-11  1.2559e-11  1.2559e-11
  1.2559e-11  1.2559e-11  1.2559e-11  1.2559e-11  1.2559e-11  1.2559e-11
  1.2559e-11  1.2559e-11  1.2559e-11  1.2559e-11  1.2559e-11  1.2559e-11
  1.2559e-11  1.2559e-11  1.2559e-11  1.2559e-11  1.2559e-11  1.2559e-11
  1.2559e-11  1.2559e-11  1.2559e-11  1.2559e-11  1.2559e-11  1.2559e-11
  1.2559e-11  1.2559e-11  1.2559e-11  1.2559e-11  1.2559e-11  1.2559e-11
  1.2559e-11  1.2559e-11  6.1133e-11  1.0971e-10  1.5996e-10  2.1902e-10
  2.9136e-10  3.9430e-10  5.4759e-10  7.6791e-10  1.1496e-09  1.7981e-09
  2.8069e-09  4.5810e-09  7.5760e-09  1.2168e-08  1.9267e-08  3.0651e-08
  4.9456e-08  8.3842e-08  1.4622e-07  2.5431e-07  4.4449e-07  7.8472e-07
  1.3789e-06  2.4259e-06  4.2250e-06  7.1784e-06  1.1758e-05  1.8670e-05
  2.8701e-05  4.2658e-05  6.1133e-05  8.4409e-05  1.1178e-04  1.4126e-04
  1.6952e-04  1.9238e-04  2.0572e-04  2.0698e-04  1.9607e-04  1.7521e-04
  1.4791e-04  1.1827e-04  8.9811e-05  6.4873e-05  4.4518e-05  2.9125e-05
  1.8453e-05  1.1688e-05  7.6889e-06  5.3976e-06  4.0748e-06  3.2680e-06
  2.7338e-06  2.3891e-06  2.1914e-06  2.0863e-06  1.9781e-06  1.7960e-06
  1.5269e-06  1.2067e-06  8.8244e-07  5.9662e-07  3.7062e-07  1.6552e-07
  7.7761e-08
# HOCl profile (VMR-PPMV) for lat 45 degrees, month 07:
  1.4048e-11  1.4048e-11  1.4048e-11  1.4048e-11  1.4048e-11  1.4048e-11
  1.4048e-11  1.4048e-11  1.4048e-11  1.4048e-11  1.4048e-11  1.4048e-11
  1.4048e-11  1.4048e-11  1.4048e-11  1.4048e-11  1.4048e-11  1.4048e-11
  1.4048e-11  1.4048e-11  1.4048e-11  1.4048e-11  1.4048e-11  1.4048e-11
  1.4048e-11  1.4048e-11  1.4048e-11  1.4048e-11  1.4048e-11  1.4048e-11
  1.4048e-11  1.4048e-11  1.4048e-11  1.4048e-11  1.4048e-11  1.4048e-11
  1.4048e-11  1.4048e-11  1.4048e-11  1.4048e-11  1.4048e-11  1.4048e-11
  1.4048e-11  1.4048e-11  1.4048e-11  1.4048e-11  1.4048e-11  1.4048e-11
  1.4048e-11  1.4048e-11  1.4048e-11  1.4048e-11  1.4048e-11  1.4048e-11
  1.4048e-11  1.4048e-11  5.1288e-11  8.8528e-11  1.2710e-10  1.7171e-10
  2.2571e-10  3.0135e-10  4.1265e-10  5.7144e-10  8.4427e-10  1.3055e-09
  2.0210e-09  3.2709e-09  5.3700e-09  8.5767e-09  1.3520e-08  2.1429e-08
  3.4474e-08  5.8436e-08  1.0223e-07  1.7879e-07  3.1531e-07  5.6515e-07
  1.0123e-06  1.8281e-06  3.2823e-06  5.7514e-06  9.6934e-06  1.5811e-05
  2.4907e-05  3.7825e-05  5.5224e-05  7.7563e-05  1.0467e-04  1.3557e-04
  1.6830e-04  1.9998e-04  2.2670e-04  2.4490e-04  2.5229e-04  2.4864e-04
  2.3520e-04  2.1450e-04  1.8930e-04  1.6209e-04  1.3461e-04  1.0838e-04
  8.4946e-05  6.5510e-05  5.0673e-05  4.0025e-05  3.2587e-05  2.7074e-05
  2.2427e-05  1.8016e-05  1.3815e-05  1.0060e-05  7.0238e-06  4.8179e-06
  3.3218e-06  2.3084e-06  1.5935e-06  1.0698e-06  6.6666e-07  2.8099e-07
  2.3953e-08
# HOCl profile (VMR-PPMV) for lat 75 degrees, month 07:
  3.4058e-12  3.4058e-12  3.4058e-12  3.4058e-12  3.4058e-12  3.4058e-12
  3.4058e-12  3.4058e-12  3.4058e-12  3.4058e-12  3.4058e-12  3.4058e-12
  3.4058e-12  3.4058e-12  3.4058e-12  3.4058e-12  3.4058e-12  3.4058e-12
  3.4058e-12  3.4058e-12  3.4058e-12  3.4058e-12  3.4058e-12  3.4058e-12
  3.4058e-12  3.4058e-12  3.4058e-12  3.4058e-12  3.4058e-12  3.4058e-12
  3.4058e-12  3.4058e-12  3.4058e-12  3.4058e-12  3.4058e-12  3.4058e-12
  3.4058e-12  3.4058e-12  3.4058e-12  3.4058e-12  3.4058e-12  3.4058e-12
  3.4058e-12  3.4058e-12  3.4058e-12  3.4058e-12  3.4058e-12  3.4058e-12
  3.4058e-12  3.4058e-12  3.4058e-12  3.4058e-12  3.4058e-12  3.4058e-12
  3.4058e-12  3.3761e-11  6.4116e-11  9.4471e-11  1.2578e-10  1.6087e-10
  2.0208e-10  2.5749e-10  3.3634e-10  4.4643e-10  6.3556e-10  9.5734e-10
  1.4598e-09  2.3494e-09  3.8581e-09  6.1771e-09  9.8158e-09  1.5782e-08
  2.5884e-08  4.5541e-08  8.3383e-08  1.5227e-07  2.7983e-07  5.1999e-07
  9.5675e-07  1.7524e-06  3.1422e-06  5.4298e-06  8.9473e-06  1.4148e-05
  2.1478e-05  3.1319e-05  4.3830e-05  5.8878e-05  7.5951e-05  9.4343e-05
  1.1334e-04  1.3225e-04  1.5034e-04  1.6715e-04  1.8248e-04  1.9633e-04
  2.0858e-04  2.1850e-04  2.2428e-04  2.2375e-04  2.1511e-04  1.9800e-04
  1.7412e-04  1.4688e-04  1.2032e-04  9.7200e-05  7.8609e-05  6.3948e-05
  5.2071e-05  4.1657e-05  3.2204e-05  2.3675e-05  1.6531e-05  1.1076e-05
  7.2539e-06  4.7180e-06  3.1491e-06  2.1989e-06  1.5853e-06  1.0212e-06
  6.4783e-07
# HOCl profile (VMR-PPMV) for lat -75.0 degrees, month 07:
  2.5885e-11  2.5885e-11  2.5885e-11  2.5885e-11  2.5885e-11  2.5885e-11
  2.5885e-11  2.5885e-11  2.5885e-11  2.5885e-11  2.5885e-11  2.5885e-11
  2.5885e-11  2.5885e-11  2.5885e-11  2.5885e-11  2.5885e-11  2.5885e-11
  2.5885e-11  2.5885e-11  2.5885e-11  2.5885e-11  2.5885e-11  2.5885e-11
  2.5885e-11  2.5885e-11  2.5885e-11  2.5885e-11  2.5885e-11  2.5885e-11
  2.5885e-11  2.5885e-11  2.5885e-11  2.5885e-11  2.5885e-11  2.5885e-11
  2.5885e-11  2.5885e-11  2.5885e-11  2.5885e-11  2.5885e-11  2.5885e-11
  2.5885e-11  2.5885e-11  2.5885e-11  2.5885e-11  2.5885e-11  2.5885e-11
  2.5885e-11  2.5885e-11  2.5885e-11  2.5885e-11  2.5885e-11  2.5885e-11
  2.5885e-11  3.4319e-11  6.9371e-11  1.0442e-10  1.4312e-10  1.9355e-10
  2.6293e-10  3.7548e-10  5.5884e-10  8.3634e-10  1.3093e-09  2.0894e-09
  3.2716e-09  5.3663e-09  8.9513e-09  1.4523e-08  2.3273e-08  3.7502e-08
  6.1234e-08  1.0337e-07  1.7619e-07  2.9532e-07  4.8666e-07  7.8855e-07
  1.2503e-06  1.9395e-06  2.9307e-06  4.2918e-06  6.0651e-06  8.2731e-06
  1.0899e-05  1.3890e-05  1.7162e-05  2.0582e-05  2.3867e-05  2.6625e-05
  2.8472e-05  2.9242e-05  2.9094e-05  2.8454e-05  2.7797e-05  2.7377e-05
  2.7059e-05  2.6367e-05  2.4956e-05  2.2763e-05  2.0099e-05  1.7368e-05
  1.5076e-05  1.3512e-05  1.2813e-05  1.2793e-05  1.3140e-05  1.3297e-05
  1.2782e-05  1.1358e-05  9.1745e-06  6.6605e-06  4.3735e-06  2.7096e-06
  1.7224e-06  1.2371e-06  1.0243e-06  9.4230e-07  9.1053e-07  8.8893e-07
  8.7380e-07
# HOCl profile (VMR-PPMV) for lat -45.0 degrees, month 07:
  2.5311e-11  2.5311e-11  2.5311e-11  2.5311e-11  2.5311e-11  2.5311e-11
  2.5311e-11  2.5311e-11  2.5311e-11  2.5311e-11  2.5311e-11  2.5311e-11
  2.5311e-11  2.5311e-11  2.5311e-11  2.5311e-11  2.5311e-11  2.5311e-11
  2.5311e-11  2.5311e-11  2.5311e-11  2.5311e-11  2.5311e-11  2.5311e-11
  2.5311e-11  2.5311e-11  2.5311e-11  2.5311e-11  2.5311e-11  2.5311e-11
  2.5311e-11  2.5311e-11  2.5311e-11  2.5311e-11  2.5311e-11  2.5311e-11
  2.5311e-11  2.5311e-11  2.5311e-11  2.5311e-11  2.5311e-11  2.5311e-11
  2.5311e-11  2.5311e-11  2.5311e-11  2.5311e-11  2.5311e-11  2.5311e-11
  2.5311e-11  2.5311e-11  2.5311e-11  2.5311e-11  2.5311e-11  2.5311e-11
  1.3977e-11  6.1181e-11  1.0838e-10  1.5559e-10  2.0718e-10  2.7432e-10
  3.6604e-10  5.1380e-10  7.5349e-10  1.1154e-09  1.7958e-09  3.0152e-09
  4.9724e-09  8.6842e-09  1.5300e-08  2.5799e-08  4.2596e-08  7.0379e-08
  1.1739e-07  2.0258e-07  3.5277e-07  6.0325e-07  1.0170e-06  1.6922e-06
  2.7608e-06  4.4189e-06  6.8986e-06  1.0438e-05  1.5230e-05  2.1472e-05
  2.9309e-05  3.8847e-05  5.0117e-05  6.3181e-05  7.7923e-05  9.4020e-05
  1.1083e-04  1.2747e-04  1.4229e-04  1.5340e-04  1.5895e-04  1.5795e-04
  1.5018e-04  1.3660e-04  1.1908e-04  9.9968e-05  8.1229e-05  6.4257e-05
  4.9998e-05  3.8795e-05  3.0595e-05  2.4918e-05  2.1164e-05  1.8525e-05
  1.6239e-05  1.3796e-05  1.1071e-05  8.2265e-06  5.5951e-06  3.4995e-06
  2.0499e-06  1.1654e-06  6.7571e-07  4.2963e-07  3.0904e-07  2.1496e-07
  1.5420e-07
# HOCl profile (VMR-PPMV) for lat -10. degrees, month 07:
  1.3944e-11  1.3944e-11  1.3944e-11  1.3944e-11  1.3944e-11  1.3944e-11
  1.3944e-11  1.3944e-11  1.3944e-11  1.3944e-11  1.3944e-11  1.3944e-11
  1.3944e-11  1.3944e-11  1.3944e-11  1.3944e-11  1.3944e-11  1.3944e-11
  1.3944e-11  1.3944e-11  1.3944e-11  1.3944e-11  1.3944e-11  1.3944e-11
  1.3944e-11  1.3944e-11  1.3944e-11  1.3944e-11  1.3944e-11  1.3944e-11
  1.3944e-11  1.3944e-11  1.3944e-11  1.3944e-11  1.3944e-11  1.3944e-11
  1.3944e-11  1.3944e-11  1.3944e-11  1.3944e-11  1.3944e-11  1.3944e-11
  1.3944e-11  1.3944e-11  1.3944e-11  1.3944e-11  1.3944e-11  1.3944e-11
  1.3944e-11  1.3944e-11  1.3944e-11  1.3944e-11  1.3944e-11  1.3944e-11
  1.3489e-11  8.4459e-11  1.5543e-10  2.2640e-10  3.0284e-10  3.9754e-10
  5.2170e-10  7.1323e-10  1.0154e-09  1.4647e-09  2.2359e-09  3.5228e-09
  5.4930e-09  8.8591e-09  1.4422e-08  2.2840e-08  3.5715e-08  5.6184e-08
  8.9789e-08  1.5075e-07  2.6048e-07  4.4922e-07  7.7773e-07  1.3561e-06
  2.3486e-06  4.0532e-06  6.8805e-06  1.1330e-05  1.7907e-05  2.7231e-05
  3.9858e-05  5.6250e-05  7.6629e-05  1.0092e-04  1.2820e-04  1.5663e-04
  1.8340e-04  2.0497e-04  2.1742e-04  2.1813e-04  2.0665e-04  1.8493e-04
  1.5634e-04  1.2508e-04  9.4986e-05  6.8609e-05  4.7034e-05  3.0517e-05
  1.8799e-05  1.1126e-05  6.4852e-06  3.8111e-06  2.2947e-06  1.4081e-06
  8.6592e-07  5.5211e-07  3.8901e-07  3.1253e-07  2.7118e-07  2.3517e-07
  1.9436e-07  1.5166e-07  1.1145e-07  7.7604e-08  5.1439e-08  2.8826e-08
  1.7136e-08
# HOCl profile (VMR-PPMV) for lat 10. degrees, month 07:
  1.2559e-11  1.2559e-11  1.2559e-11  1.2559e-11  1.2559e-11  1.2559e-11
  1.2559e-11  1.2559e-11  1.2559e-11  1.2559e-11  1.2559e-11  1.2559e-11
  1.2559e-11  1.2559e-11  1.2559e-11  1.2559e-11  1.2559e-11  1.2559e-11
  1.2559e-11  1.2559e-11  1.2559e-11  1.2559e-11  1.2559e-11  1.2559e-11
  1.2559e-11  1.2559e-11  1.2559e-11  1.2559e-11  1.2559e-11  1.2559e-11
  1.2559e-11  1.2559e-11  1.2559e-11  1.2559e-11  1.2559e-11  1.2559e-11
  1.2559e-11  1.2559e-11  1.2559e-11  1.2559e-11  1.2559e-11  1.2559e-11
  1.2559e-11  1.2559e-11  1.2559e-11  1.2559e-11  1.2559e-11  1.2559e-11
  1.2559e-11  1.2559e-11  1.2559e-11  1.2559e-11  1.2559e-11  1.2559e-11
  3.3334e-11  1.2083e-10  2.0833e-10  2.9583e-10  3.9007e-10  5.0838e-10
  6.6488e-10  9.0864e-10  1.2957e-09  1.8732e-09  2.8868e-09  4.6095e-09
  7.2808e-09  1.1908e-08  1.9625e-08  3.1359e-08  4.9302e-08  7.7724e-08
  1.2413e-07  2.0712e-07  3.5407e-07  6.0266e-07  1.0251e-06  1.7442e-06
  2.9359e-06  4.8983e-06  8.0357e-06  1.2838e-05  1.9818e-05  2.9669e-05
  4.3089e-05  6.0724e-05  8.2943e-05  1.0971e-04  1.3996e-04  1.7131e-04
  2.0013e-04  2.2205e-04  2.3297e-04  2.3062e-04  2.1540e-04  1.9006e-04
  1.5862e-04  1.2551e-04  9.4410e-05  6.7621e-05  4.6052e-05  2.9926e-05
  1.8829e-05  1.1796e-05  7.5647e-06  5.0208e-06  3.4032e-06  2.2803e-06
  1.4431e-06  8.5569e-07  4.9995e-07  3.3479e-07  2.6864e-07  2.2985e-07
  1.8983e-07  1.4740e-07  1.0721e-07  7.3161e-08  4.6798e-08  2.3280e-08
  1.2599e-08
# HOCl profile (VMR-PPMV) for lat 45 degrees, month 07:
  1.4048e-11  1.4048e-11  1.4048e-11  1.4048e-11  1.4048e-11  1.4048e-11
  1.4048e-11  1.4048e-11  1.4048e-11  1.4048e-11  1.4048e-11  1.4048e-11
  1.4048e-11  1.4048e-11  1.4048e-11  1.4048e-11  1.4048e-11  1.4048e-11
  1.4048e-11  1.4048e-11  1.4048e-11  1.4048e-11  1.4048e-11  1.4048e-11
  1.4048e-11  1.4048e-11  1.4048e-11  1.4048e-11  1.4048e-11  1.4048e-11
  1.4048e-11  1.4048e-11  1.4048e-11  1.4048e-11  1.4048e-11  1.4048e-11
  1.4048e-11  1.4048e-11  1.4048e-11  1.4048e-11  1.4048e-11  1.4048e-11
  1.4048e-11  1.4048e-11  1.4048e-11  1.4048e-11  1.4048e-11  1.4048e-11
  1.4048e-11  1.4048e-11  1.4048e-11  1.4048e-11  1.4048e-11  1.4048e-11
  3.4007e-11  1.3103e-10  2.2805e-10  3.2507e-10  4.2850e-10  5.5374e-10
  7.1421e-10  9.5542e-10  1.3293e-09  1.8796e-09  2.8188e-09  4.3827e-09
  6.7754e-09  1.0743e-08  1.7121e-08  2.6567e-08  4.0605e-08  6.2215e-08
  9.6651e-08  1.5715e-07  2.6358e-07  4.4389e-07  7.5412e-07  1.2975e-06
  2.2299e-06  3.8379e-06  6.5254e-06  1.0799e-05  1.7201e-05  2.6454e-05
  3.9261e-05  5.6230e-05  7.7635e-05  1.0340e-04  1.3281e-04  1.6451e-04
  1.9646e-04  2.2589e-04  2.4928e-04  2.6356e-04  2.6693e-04  2.5952e-04
  2.4285e-04  2.1959e-04  1.9255e-04  1.6411e-04  1.3587e-04  1.0919e-04
  8.5487e-05  6.5896e-05  5.0953e-05  4.0215e-05  3.2671e-05  2.7004e-05
  2.2127e-05  1.7404e-05  1.2836e-05  8.7114e-06  5.3805e-06  3.0244e-06
  1.5598e-06  7.4000e-07  3.3204e-07  1.5722e-07  9.0976e-08  3.9012e-08
  1.2726e-08
# HOCl profile (VMR-PPMV) for lat 75 degrees, month 07:
  3.3761e-11  3.3761e-11  3.3761e-11  3.3761e-11  3.3761e-11  3.3761e-11
  3.3761e-11  3.3761e-11  3.3761e-11  3.3761e-11  3.3761e-11  3.3761e-11
  3.3761e-11  3.3761e-11  3.3761e-11  3.3761e-11  3.3761e-11  3.3761e-11
  3.3761e-11  3.3761e-11  3.3761e-11  3.3761e-11  3.3761e-11  3.3761e-11
  3.3761e-11  3.3761e-11  3.3761e-11  3.3761e-11  3.3761e-11  3.3761e-11
  3.3761e-11  3.3761e-11  3.3761e-11  3.3761e-11  3.3761e-11  3.3761e-11
  3.3761e-11  3.3761e-11  3.3761e-11  3.3761e-11  3.3761e-11  3.3761e-11
  3.3761e-11  3.3761e-11  3.3761e-11  3.3761e-11  3.3761e-11  3.3761e-11
  3.3761e-11  3.3761e-11  3.3761e-11  3.3761e-11  3.3761e-11  3.3761e-11
  3.3761e-11  4.3055e-11  9.3659e-11  1.4426e-10  1.9794e-10  2.6183e-10
  3.4240e-10  4.6123e-10  6.4296e-10  9.0839e-10  1.3822e-09  2.2042e-09
  3.4991e-09  5.7727e-09  9.5926e-09  1.5420e-08  2.4388e-08  3.8726e-08
  6.2379e-08  1.0653e-07  1.8857e-07  3.3391e-07  5.9541e-07  1.0713e-06
  1.9096e-06  3.3697e-06  5.7889e-06  9.5516e-06  1.5008e-05  2.2547e-05
  3.2437e-05  4.4788e-05  5.9421e-05  7.5817e-05  9.3187e-05  1.1073e-04
  1.2790e-04  1.4430e-04  1.5965e-04  1.7385e-04  1.8701e-04  1.9922e-04
  2.1032e-04  2.1953e-04  2.2493e-04  2.2423e-04  2.1555e-04  1.9847e-04
  1.7463e-04  1.4743e-04  1.2090e-04  9.7803e-05  7.9223e-05  6.4570e-05
  5.2693e-05  4.2237e-05  3.2662e-05  2.3905e-05  1.6460e-05  1.0682e-05
  6.5911e-06  3.8972e-06  2.3085e-06  1.4434e-06  9.7251e-07  5.8181e-07
  3.6366e-07
# Last line of file.
