25-JUN-2015 21:12:15.000000
# V5.1 FILE generated by J.J. Remedios and D. Moore
# HITRAN code of the gas:
 23
# DN:
0 0 0 0 0 0
# HCN profile (VMR-PPMV) for lat -75.0 degrees, month 10:
  4.0620e-05  4.0676e-05  4.0732e-05  4.0788e-05  4.0852e-05  4.0907e-05
  4.0965e-05  4.1023e-05  4.1081e-05  4.1139e-05  4.1197e-05  4.1255e-05
  4.1314e-05  4.1373e-05  4.1431e-05  4.1490e-05  4.1548e-05  4.1608e-05
  4.1666e-05  4.1726e-05  4.1785e-05  4.1844e-05  4.1904e-05  4.1964e-05
  4.2026e-05  4.2093e-05  4.2171e-05  4.2263e-05  4.2371e-05  4.2496e-05
  4.2637e-05  4.2794e-05  4.2967e-05  4.3157e-05  4.3364e-05  4.3589e-05
  4.3833e-05  4.4091e-05  4.4362e-05  4.4649e-05  4.4960e-05  4.5311e-05
  4.5710e-05  4.6163e-05  4.6676e-05  4.7251e-05  4.7901e-05  4.8627e-05
  4.9430e-05  5.0310e-05  5.1260e-05  5.2276e-05  5.3351e-05  5.4501e-05
  5.5724e-05  5.7018e-05  5.8355e-05  5.9721e-05  6.1109e-05  6.2534e-05
  6.4007e-05  6.5536e-05  6.7113e-05  6.8723e-05  7.0329e-05  7.1933e-05
  7.3538e-05  7.5173e-05  7.6840e-05  7.8546e-05  8.0271e-05  8.2001e-05
  8.3712e-05  8.5404e-05  8.7050e-05  8.8647e-05  9.0185e-05  9.1644e-05
  9.3015e-05  9.4298e-05  9.5501e-05  9.6645e-05  9.7769e-05  9.8920e-05
  1.0013e-04  1.0146e-04  1.0294e-04  1.0460e-04  1.0646e-04  1.0858e-04
  1.1099e-04  1.1376e-04  1.1693e-04  1.2056e-04  1.2466e-04  1.2921e-04
  1.3417e-04  1.3950e-04  1.4517e-04  1.5115e-04  1.5741e-04  1.6389e-04
  1.7048e-04  1.7697e-04  1.8300e-04  1.8815e-04  1.9204e-04  1.9453e-04
  1.9564e-04  1.9552e-04  1.9445e-04  1.9269e-04  1.9034e-04  1.8745e-04
  1.8414e-04  1.8069e-04  1.7146e-04  1.7146e-04  1.7146e-04  1.7146e-04
  1.7146e-04
# HCN profile (VMR-PPMV) for lat -45.0 degrees, month 10:
  5.3006e-05  5.3080e-05  5.3154e-05  5.3226e-05  5.3309e-05  5.3382e-05
  5.3457e-05  5.3532e-05  5.3608e-05  5.3684e-05  5.3760e-05  5.3836e-05
  5.3912e-05  5.3989e-05  5.4065e-05  5.4141e-05  5.4218e-05  5.4296e-05
  5.4372e-05  5.4450e-05  5.4527e-05  5.4605e-05  5.4683e-05  5.4760e-05
  5.4841e-05  5.4929e-05  5.5030e-05  5.5150e-05  5.5292e-05  5.5454e-05
  5.5639e-05  5.5843e-05  5.6069e-05  5.6317e-05  5.6587e-05  5.6881e-05
  5.7199e-05  5.7536e-05  5.7890e-05  5.8264e-05  5.8670e-05  5.9128e-05
  5.9649e-05  6.0241e-05  6.0909e-05  6.1660e-05  6.2508e-05  6.3455e-05
  6.4504e-05  6.5651e-05  6.6891e-05  6.8217e-05  6.9620e-05  7.1121e-05
  7.2717e-05  7.4405e-05  7.6149e-05  7.7932e-05  7.9744e-05  8.1604e-05
  8.3525e-05  8.5520e-05  8.7579e-05  8.9679e-05  9.1776e-05  9.3869e-05
  9.5965e-05  9.8099e-05  1.0027e-04  1.0250e-04  1.0475e-04  1.0701e-04
  1.0924e-04  1.1145e-04  1.1360e-04  1.1568e-04  1.1769e-04  1.1966e-04
  1.2165e-04  1.2371e-04  1.2593e-04  1.2838e-04  1.3111e-04  1.3413e-04
  1.3742e-04  1.4098e-04  1.4478e-04  1.4880e-04  1.5294e-04  1.5713e-04
  1.6125e-04  1.6522e-04  1.6896e-04  1.7243e-04  1.7564e-04  1.7866e-04
  1.8156e-04  1.8440e-04  1.8722e-04  1.9012e-04  1.9325e-04  1.9689e-04
  2.0135e-04  2.0696e-04  2.1384e-04  2.2187e-04  2.3073e-04  2.4000e-04
  2.4930e-04  2.5835e-04  2.6702e-04  2.7520e-04  2.8266e-04  2.8906e-04
  2.9412e-04  2.9767e-04  3.0139e-04  3.0139e-04  3.0139e-04  3.0139e-04
  3.0139e-04
# HCN profile (VMR-PPMV) for lat -10. degrees, month 10:
  6.2136e-05  6.2221e-05  6.2308e-05  6.2394e-05  6.2490e-05  6.2575e-05
  6.2663e-05  6.2752e-05  6.2841e-05  6.2930e-05  6.3019e-05  6.3108e-05
  6.3197e-05  6.3287e-05  6.3376e-05  6.3466e-05  6.3556e-05  6.3647e-05
  6.3737e-05  6.3827e-05  6.3918e-05  6.4009e-05  6.4101e-05  6.4192e-05
  6.4286e-05  6.4389e-05  6.4508e-05  6.4649e-05  6.4815e-05  6.5005e-05
  6.5221e-05  6.5461e-05  6.5726e-05  6.6016e-05  6.6334e-05  6.6677e-05
  6.7050e-05  6.7445e-05  6.7860e-05  6.8300e-05  6.8775e-05  6.9312e-05
  6.9923e-05  7.0616e-05  7.1399e-05  7.2280e-05  7.3273e-05  7.4384e-05
  7.5613e-05  7.6958e-05  7.8411e-05  7.9966e-05  8.1611e-05  8.3370e-05
  8.5241e-05  8.7219e-05  8.9264e-05  9.1355e-05  9.3478e-05  9.5658e-05
  9.7910e-05  1.0025e-04  1.0266e-04  1.0513e-04  1.0758e-04  1.1004e-04
  1.1249e-04  1.1499e-04  1.1754e-04  1.2015e-04  1.2279e-04  1.2544e-04
  1.2805e-04  1.3064e-04  1.3316e-04  1.3560e-04  1.3796e-04  1.4077e-04
  1.4407e-04  1.4782e-04  1.5191e-04  1.5620e-04  1.6063e-04  1.6511e-04
  1.6956e-04  1.7400e-04  1.7849e-04  1.8315e-04  1.8744e-04  1.9133e-04
  1.9475e-04  1.9772e-04  2.0026e-04  2.0244e-04  2.0436e-04  2.0615e-04
  2.0798e-04  2.1006e-04  2.1251e-04  2.1546e-04  2.1898e-04  2.2310e-04
  2.2770e-04  2.3258e-04  2.3756e-04  2.4252e-04  2.4737e-04  2.5197e-04
  2.5611e-04  2.5957e-04  2.6220e-04  2.6394e-04  2.6484e-04  2.6512e-04
  2.6509e-04  2.6495e-04  2.6468e-04  2.6468e-04  2.6468e-04  2.6468e-04
  2.6468e-04
# HCN profile (VMR-PPMV) for lat 10. degrees, month 10:
  6.5228e-05  6.5319e-05  6.5408e-05  6.5499e-05  6.5600e-05  6.5689e-05
  6.5782e-05  6.5875e-05  6.5968e-05  6.6062e-05  6.6155e-05  6.6248e-05
  6.6342e-05  6.6437e-05  6.6530e-05  6.6624e-05  6.6719e-05  6.6814e-05
  6.6908e-05  6.7004e-05  6.7099e-05  6.7194e-05  6.7291e-05  6.7386e-05
  6.7486e-05  6.7593e-05  6.7718e-05  6.7866e-05  6.8040e-05  6.8240e-05
  6.8467e-05  6.8719e-05  6.8997e-05  6.9301e-05  6.9634e-05  6.9995e-05
  7.0387e-05  7.0801e-05  7.1237e-05  7.1698e-05  7.2197e-05  7.2761e-05
  7.3402e-05  7.4130e-05  7.4952e-05  7.5877e-05  7.6919e-05  7.8085e-05
  7.9376e-05  8.0788e-05  8.2313e-05  8.3945e-05  8.5672e-05  8.7518e-05
  8.9482e-05  9.1559e-05  9.3706e-05  9.5900e-05  9.8128e-05  1.0042e-04
  1.0278e-04  1.0524e-04  1.0777e-04  1.1035e-04  1.1293e-04  1.1551e-04
  1.1809e-04  1.2071e-04  1.2339e-04  1.2613e-04  1.2890e-04  1.3168e-04
  1.3443e-04  1.3714e-04  1.3979e-04  1.4235e-04  1.4482e-04  1.4796e-04
  1.5167e-04  1.5573e-04  1.5997e-04  1.6422e-04  1.6840e-04  1.7251e-04
  1.7660e-04  1.8075e-04  1.8504e-04  1.8946e-04  1.9324e-04  1.9643e-04
  1.9915e-04  2.0150e-04  2.0360e-04  2.0561e-04  2.0765e-04  2.0973e-04
  2.1174e-04  2.1350e-04  2.1484e-04  2.1563e-04  2.1591e-04  2.1584e-04
  2.1565e-04  2.1542e-04  2.1511e-04  2.1462e-04  2.1389e-04  2.1298e-04
  2.1204e-04  2.1125e-04  2.1073e-04  2.1050e-04  2.1045e-04  2.1047e-04
  2.1050e-04  2.1050e-04  2.1050e-04  2.1050e-04  2.1050e-04  2.1050e-04
  2.1050e-04
# HCN profile (VMR-PPMV) for lat 45 degrees, month 10:
  4.5422e-05  4.5485e-05  4.5547e-05  4.5611e-05  4.5681e-05  4.5743e-05
  4.5807e-05  4.5872e-05  4.5937e-05  4.6002e-05  4.6067e-05  4.6132e-05
  4.6198e-05  4.6263e-05  4.6328e-05  4.6394e-05  4.6460e-05  4.6526e-05
  4.6592e-05  4.6658e-05  4.6725e-05  4.6791e-05  4.6858e-05  4.6925e-05
  4.6994e-05  4.7069e-05  4.7156e-05  4.7259e-05  4.7380e-05  4.7519e-05
  4.7677e-05  4.7853e-05  4.8046e-05  4.8258e-05  4.8490e-05  4.8741e-05
  4.9014e-05  4.9303e-05  4.9606e-05  4.9927e-05  5.0275e-05  5.0668e-05
  5.1114e-05  5.1621e-05  5.2193e-05  5.2837e-05  5.3563e-05  5.4375e-05
  5.5274e-05  5.6257e-05  5.7319e-05  5.8456e-05  5.9658e-05  6.0944e-05
  6.2312e-05  6.3758e-05  6.5253e-05  6.6781e-05  6.8333e-05  6.9927e-05
  7.1573e-05  7.3283e-05  7.5047e-05  7.6846e-05  7.8643e-05  8.0436e-05
  8.2232e-05  8.4060e-05  8.5924e-05  8.7831e-05  8.9760e-05  9.1695e-05
  9.3608e-05  9.5500e-05  9.7341e-05  9.9126e-05  1.0085e-04  1.0255e-04
  1.0426e-04  1.0605e-04  1.0797e-04  1.1012e-04  1.1262e-04  1.1553e-04
  1.1892e-04  1.2281e-04  1.2720e-04  1.3192e-04  1.3690e-04  1.4209e-04
  1.4742e-04  1.5280e-04  1.5817e-04  1.6346e-04  1.6862e-04  1.7367e-04
  1.7867e-04  1.8367e-04  1.8882e-04  1.9407e-04  1.9934e-04  2.0453e-04
  2.0954e-04  2.1428e-04  2.1865e-04  2.2252e-04  2.2581e-04  2.2842e-04
  2.3035e-04  2.3162e-04  2.3235e-04  2.3266e-04  2.3267e-04  2.3247e-04
  2.3213e-04  2.3175e-04  2.3079e-04  2.3079e-04  2.3079e-04  2.3079e-04
  2.3079e-04
# HCN profile (VMR-PPMV) for lat 75 degrees, month 10:
  3.7299e-05  3.7351e-05  3.7402e-05  3.7454e-05  3.7512e-05  3.7563e-05
  3.7616e-05  3.7669e-05  3.7722e-05  3.7776e-05  3.7829e-05  3.7882e-05
  3.7936e-05  3.7990e-05  3.8044e-05  3.8098e-05  3.8152e-05  3.8206e-05
  3.8260e-05  3.8315e-05  3.8369e-05  3.8424e-05  3.8479e-05  3.8533e-05
  3.8590e-05  3.8652e-05  3.8723e-05  3.8808e-05  3.8907e-05  3.9022e-05
  3.9151e-05  3.9295e-05  3.9454e-05  3.9628e-05  3.9819e-05  4.0025e-05
  4.0249e-05  4.0486e-05  4.0735e-05  4.0999e-05  4.1285e-05  4.1607e-05
  4.1973e-05  4.2390e-05  4.2860e-05  4.3388e-05  4.3985e-05  4.4651e-05
  4.5389e-05  4.6197e-05  4.7069e-05  4.8002e-05  4.8990e-05  5.0045e-05
  5.1169e-05  5.2356e-05  5.3584e-05  5.4839e-05  5.6113e-05  5.7422e-05
  5.8774e-05  6.0178e-05  6.1627e-05  6.3105e-05  6.4580e-05  6.6052e-05
  6.7527e-05  6.9028e-05  7.0559e-05  7.2125e-05  7.3709e-05  7.5298e-05
  7.6869e-05  7.8422e-05  7.9935e-05  8.1400e-05  8.2813e-05  8.4155e-05
  8.5431e-05  8.6691e-05  8.8025e-05  8.9568e-05  9.1469e-05  9.3863e-05
  9.6826e-05  1.0041e-04  1.0460e-04  1.0935e-04  1.1464e-04  1.2039e-04
  1.2653e-04  1.3295e-04  1.3950e-04  1.4602e-04  1.5240e-04  1.5858e-04
  1.6456e-04  1.7043e-04  1.7629e-04  1.8226e-04  1.8837e-04  1.9460e-04
  2.0081e-04  2.0686e-04  2.1257e-04  2.1778e-04  2.2238e-04  2.2634e-04
  2.2959e-04  2.3210e-04  2.3386e-04  2.3491e-04  2.3533e-04  2.3526e-04
  2.3487e-04  2.3433e-04  2.3288e-04  2.3288e-04  2.3288e-04  2.3288e-04
  2.3288e-04
# HCN profile (VMR-PPMV) for lat -75.0 degrees, month 10:
  4.0620e-05  4.0676e-05  4.0732e-05  4.0788e-05  4.0852e-05  4.0907e-05
  4.0965e-05  4.1023e-05  4.1081e-05  4.1139e-05  4.1197e-05  4.1255e-05
  4.1314e-05  4.1373e-05  4.1431e-05  4.1490e-05  4.1548e-05  4.1608e-05
  4.1666e-05  4.1726e-05  4.1785e-05  4.1844e-05  4.1904e-05  4.1964e-05
  4.2026e-05  4.2093e-05  4.2171e-05  4.2263e-05  4.2371e-05  4.2496e-05
  4.2637e-05  4.2794e-05  4.2967e-05  4.3157e-05  4.3364e-05  4.3589e-05
  4.3833e-05  4.4091e-05  4.4362e-05  4.4649e-05  4.4960e-05  4.5311e-05
  4.5710e-05  4.6163e-05  4.6676e-05  4.7251e-05  4.7901e-05  4.8627e-05
  4.9430e-05  5.0310e-05  5.1260e-05  5.2276e-05  5.3351e-05  5.4501e-05
  5.5724e-05  5.7018e-05  5.8355e-05  5.9721e-05  6.1109e-05  6.2534e-05
  6.4007e-05  6.5536e-05  6.7113e-05  6.8723e-05  7.0329e-05  7.1933e-05
  7.3538e-05  7.5173e-05  7.6840e-05  7.8546e-05  8.0271e-05  8.2001e-05
  8.3712e-05  8.5404e-05  8.7050e-05  8.8647e-05  9.0185e-05  9.1644e-05
  9.3015e-05  9.4298e-05  9.5501e-05  9.6645e-05  9.7769e-05  9.8920e-05
  1.0013e-04  1.0146e-04  1.0294e-04  1.0460e-04  1.0646e-04  1.0858e-04
  1.1099e-04  1.1376e-04  1.1693e-04  1.2056e-04  1.2466e-04  1.2921e-04
  1.3417e-04  1.3950e-04  1.4517e-04  1.5115e-04  1.5741e-04  1.6389e-04
  1.7048e-04  1.7697e-04  1.8300e-04  1.8815e-04  1.9204e-04  1.9453e-04
  1.9564e-04  1.9552e-04  1.9445e-04  1.9269e-04  1.9034e-04  1.8745e-04
  1.8414e-04  1.8069e-04  1.7146e-04  1.7146e-04  1.7146e-04  1.7146e-04
  1.7146e-04
# HCN profile (VMR-PPMV) for lat -45.0 degrees, month 10:
  5.3006e-05  5.3080e-05  5.3154e-05  5.3226e-05  5.3309e-05  5.3382e-05
  5.3457e-05  5.3532e-05  5.3608e-05  5.3684e-05  5.3760e-05  5.3836e-05
  5.3912e-05  5.3989e-05  5.4065e-05  5.4141e-05  5.4218e-05  5.4296e-05
  5.4372e-05  5.4450e-05  5.4527e-05  5.4605e-05  5.4683e-05  5.4760e-05
  5.4841e-05  5.4929e-05  5.5030e-05  5.5150e-05  5.5292e-05  5.5454e-05
  5.5639e-05  5.5843e-05  5.6069e-05  5.6317e-05  5.6587e-05  5.6881e-05
  5.7199e-05  5.7536e-05  5.7890e-05  5.8264e-05  5.8670e-05  5.9128e-05
  5.9649e-05  6.0241e-05  6.0909e-05  6.1660e-05  6.2508e-05  6.3455e-05
  6.4504e-05  6.5651e-05  6.6891e-05  6.8217e-05  6.9620e-05  7.1121e-05
  7.2717e-05  7.4405e-05  7.6149e-05  7.7932e-05  7.9744e-05  8.1604e-05
  8.3525e-05  8.5520e-05  8.7579e-05  8.9679e-05  9.1776e-05  9.3869e-05
  9.5965e-05  9.8099e-05  1.0027e-04  1.0250e-04  1.0475e-04  1.0701e-04
  1.0924e-04  1.1145e-04  1.1360e-04  1.1568e-04  1.1769e-04  1.1966e-04
  1.2165e-04  1.2371e-04  1.2593e-04  1.2838e-04  1.3111e-04  1.3413e-04
  1.3742e-04  1.4098e-04  1.4478e-04  1.4880e-04  1.5294e-04  1.5713e-04
  1.6125e-04  1.6522e-04  1.6896e-04  1.7243e-04  1.7564e-04  1.7866e-04
  1.8156e-04  1.8440e-04  1.8722e-04  1.9012e-04  1.9325e-04  1.9689e-04
  2.0135e-04  2.0696e-04  2.1384e-04  2.2187e-04  2.3073e-04  2.4000e-04
  2.4930e-04  2.5835e-04  2.6702e-04  2.7520e-04  2.8266e-04  2.8906e-04
  2.9412e-04  2.9767e-04  3.0139e-04  3.0139e-04  3.0139e-04  3.0139e-04
  3.0139e-04
# HCN profile (VMR-PPMV) for lat -10. degrees, month 10:
  6.2136e-05  6.2221e-05  6.2308e-05  6.2394e-05  6.2490e-05  6.2575e-05
  6.2663e-05  6.2752e-05  6.2841e-05  6.2930e-05  6.3019e-05  6.3108e-05
  6.3197e-05  6.3287e-05  6.3376e-05  6.3466e-05  6.3556e-05  6.3647e-05
  6.3737e-05  6.3827e-05  6.3918e-05  6.4009e-05  6.4101e-05  6.4192e-05
  6.4286e-05  6.4389e-05  6.4508e-05  6.4649e-05  6.4815e-05  6.5005e-05
  6.5221e-05  6.5461e-05  6.5726e-05  6.6016e-05  6.6334e-05  6.6677e-05
  6.7050e-05  6.7445e-05  6.7860e-05  6.8300e-05  6.8775e-05  6.9312e-05
  6.9923e-05  7.0616e-05  7.1399e-05  7.2280e-05  7.3273e-05  7.4384e-05
  7.5613e-05  7.6958e-05  7.8411e-05  7.9966e-05  8.1611e-05  8.3370e-05
  8.5241e-05  8.7219e-05  8.9264e-05  9.1355e-05  9.3478e-05  9.5658e-05
  9.7910e-05  1.0025e-04  1.0266e-04  1.0513e-04  1.0758e-04  1.1004e-04
  1.1249e-04  1.1499e-04  1.1754e-04  1.2015e-04  1.2279e-04  1.2544e-04
  1.2805e-04  1.3064e-04  1.3316e-04  1.3560e-04  1.3796e-04  1.4077e-04
  1.4407e-04  1.4782e-04  1.5191e-04  1.5620e-04  1.6063e-04  1.6511e-04
  1.6956e-04  1.7400e-04  1.7849e-04  1.8315e-04  1.8744e-04  1.9133e-04
  1.9475e-04  1.9772e-04  2.0026e-04  2.0244e-04  2.0436e-04  2.0615e-04
  2.0798e-04  2.1006e-04  2.1251e-04  2.1546e-04  2.1898e-04  2.2310e-04
  2.2770e-04  2.3258e-04  2.3756e-04  2.4252e-04  2.4737e-04  2.5197e-04
  2.5611e-04  2.5957e-04  2.6220e-04  2.6394e-04  2.6484e-04  2.6512e-04
  2.6509e-04  2.6495e-04  2.6468e-04  2.6468e-04  2.6468e-04  2.6468e-04
  2.6468e-04
# HCN profile (VMR-PPMV) for lat 10. degrees, month 10:
  6.5228e-05  6.5319e-05  6.5408e-05  6.5499e-05  6.5600e-05  6.5689e-05
  6.5782e-05  6.5875e-05  6.5968e-05  6.6062e-05  6.6155e-05  6.6248e-05
  6.6342e-05  6.6437e-05  6.6530e-05  6.6624e-05  6.6719e-05  6.6814e-05
  6.6908e-05  6.7004e-05  6.7099e-05  6.7194e-05  6.7291e-05  6.7386e-05
  6.7486e-05  6.7593e-05  6.7718e-05  6.7866e-05  6.8040e-05  6.8240e-05
  6.8467e-05  6.8719e-05  6.8997e-05  6.9301e-05  6.9634e-05  6.9995e-05
  7.0387e-05  7.0801e-05  7.1237e-05  7.1698e-05  7.2197e-05  7.2761e-05
  7.3402e-05  7.4130e-05  7.4952e-05  7.5877e-05  7.6919e-05  7.8085e-05
  7.9376e-05  8.0788e-05  8.2313e-05  8.3945e-05  8.5672e-05  8.7518e-05
  8.9482e-05  9.1559e-05  9.3706e-05  9.5900e-05  9.8128e-05  1.0042e-04
  1.0278e-04  1.0524e-04  1.0777e-04  1.1035e-04  1.1293e-04  1.1551e-04
  1.1809e-04  1.2071e-04  1.2339e-04  1.2613e-04  1.2890e-04  1.3168e-04
  1.3443e-04  1.3714e-04  1.3979e-04  1.4235e-04  1.4482e-04  1.4796e-04
  1.5167e-04  1.5573e-04  1.5997e-04  1.6422e-04  1.6840e-04  1.7251e-04
  1.7660e-04  1.8075e-04  1.8504e-04  1.8946e-04  1.9324e-04  1.9643e-04
  1.9915e-04  2.0150e-04  2.0360e-04  2.0561e-04  2.0765e-04  2.0973e-04
  2.1174e-04  2.1350e-04  2.1484e-04  2.1563e-04  2.1591e-04  2.1584e-04
  2.1565e-04  2.1542e-04  2.1511e-04  2.1462e-04  2.1389e-04  2.1298e-04
  2.1204e-04  2.1125e-04  2.1073e-04  2.1050e-04  2.1045e-04  2.1047e-04
  2.1050e-04  2.1050e-04  2.1050e-04  2.1050e-04  2.1050e-04  2.1050e-04
  2.1050e-04
# HCN profile (VMR-PPMV) for lat 45 degrees, month 10:
  4.5422e-05  4.5485e-05  4.5547e-05  4.5611e-05  4.5681e-05  4.5743e-05
  4.5807e-05  4.5872e-05  4.5937e-05  4.6002e-05  4.6067e-05  4.6132e-05
  4.6198e-05  4.6263e-05  4.6328e-05  4.6394e-05  4.6460e-05  4.6526e-05
  4.6592e-05  4.6658e-05  4.6725e-05  4.6791e-05  4.6858e-05  4.6925e-05
  4.6994e-05  4.7069e-05  4.7156e-05  4.7259e-05  4.7380e-05  4.7519e-05
  4.7677e-05  4.7853e-05  4.8046e-05  4.8258e-05  4.8490e-05  4.8741e-05
  4.9014e-05  4.9303e-05  4.9606e-05  4.9927e-05  5.0275e-05  5.0668e-05
  5.1114e-05  5.1621e-05  5.2193e-05  5.2837e-05  5.3563e-05  5.4375e-05
  5.5274e-05  5.6257e-05  5.7319e-05  5.8456e-05  5.9658e-05  6.0944e-05
  6.2312e-05  6.3758e-05  6.5253e-05  6.6781e-05  6.8333e-05  6.9927e-05
  7.1573e-05  7.3283e-05  7.5047e-05  7.6846e-05  7.8643e-05  8.0436e-05
  8.2232e-05  8.4060e-05  8.5924e-05  8.7831e-05  8.9760e-05  9.1695e-05
  9.3608e-05  9.5500e-05  9.7341e-05  9.9126e-05  1.0085e-04  1.0255e-04
  1.0426e-04  1.0605e-04  1.0797e-04  1.1012e-04  1.1262e-04  1.1553e-04
  1.1892e-04  1.2281e-04  1.2720e-04  1.3192e-04  1.3690e-04  1.4209e-04
  1.4742e-04  1.5280e-04  1.5817e-04  1.6346e-04  1.6862e-04  1.7367e-04
  1.7867e-04  1.8367e-04  1.8882e-04  1.9407e-04  1.9934e-04  2.0453e-04
  2.0954e-04  2.1428e-04  2.1865e-04  2.2252e-04  2.2581e-04  2.2842e-04
  2.3035e-04  2.3162e-04  2.3235e-04  2.3266e-04  2.3267e-04  2.3247e-04
  2.3213e-04  2.3175e-04  2.3079e-04  2.3079e-04  2.3079e-04  2.3079e-04
  2.3079e-04
# HCN profile (VMR-PPMV) for lat 75 degrees, month 10:
  3.7299e-05  3.7351e-05  3.7402e-05  3.7454e-05  3.7512e-05  3.7563e-05
  3.7616e-05  3.7669e-05  3.7722e-05  3.7776e-05  3.7829e-05  3.7882e-05
  3.7936e-05  3.7990e-05  3.8044e-05  3.8098e-05  3.8152e-05  3.8206e-05
  3.8260e-05  3.8315e-05  3.8369e-05  3.8424e-05  3.8479e-05  3.8533e-05
  3.8590e-05  3.8652e-05  3.8723e-05  3.8808e-05  3.8907e-05  3.9022e-05
  3.9151e-05  3.9295e-05  3.9454e-05  3.9628e-05  3.9819e-05  4.0025e-05
  4.0249e-05  4.0486e-05  4.0735e-05  4.0999e-05  4.1285e-05  4.1607e-05
  4.1973e-05  4.2390e-05  4.2860e-05  4.3388e-05  4.3985e-05  4.4651e-05
  4.5389e-05  4.6197e-05  4.7069e-05  4.8002e-05  4.8990e-05  5.0045e-05
  5.1169e-05  5.2356e-05  5.3584e-05  5.4839e-05  5.6113e-05  5.7422e-05
  5.8774e-05  6.0178e-05  6.1627e-05  6.3105e-05  6.4580e-05  6.6052e-05
  6.7527e-05  6.9028e-05  7.0559e-05  7.2125e-05  7.3709e-05  7.5298e-05
  7.6869e-05  7.8422e-05  7.9935e-05  8.1400e-05  8.2813e-05  8.4155e-05
  8.5431e-05  8.6691e-05  8.8025e-05  8.9568e-05  9.1469e-05  9.3863e-05
  9.6826e-05  1.0041e-04  1.0460e-04  1.0935e-04  1.1464e-04  1.2039e-04
  1.2653e-04  1.3295e-04  1.3950e-04  1.4602e-04  1.5240e-04  1.5858e-04
  1.6456e-04  1.7043e-04  1.7629e-04  1.8226e-04  1.8837e-04  1.9460e-04
  2.0081e-04  2.0686e-04  2.1257e-04  2.1778e-04  2.2238e-04  2.2634e-04
  2.2959e-04  2.3210e-04  2.3386e-04  2.3491e-04  2.3533e-04  2.3526e-04
  2.3487e-04  2.3433e-04  2.3288e-04  2.3288e-04  2.3288e-04  2.3288e-04
  2.3288e-04
# Last line of file.
