21-JAN-2014 12:02:01.000000
# V5 INTERIM FILE generated by J.J. Remedios and H. Sembhi
# HITRAN code of the gas:
  1
# DN:
1 1 1 1 1 1
# H2O profile (VMR-PPMV) for lat -75.0 degrees, month 01:
  2.0000e-01  2.0733e-01  2.1500e-01  2.2300e-01  2.3100e-01  2.3900e-01
  2.4700e-01  2.5500e-01  2.6333e-01  2.7200e-01  2.8167e-01  2.9200e-01
  3.0300e-01  3.1467e-01  3.2633e-01  3.3867e-01  3.5067e-01  3.6300e-01
  3.7700e-01  3.9333e-01  4.1667e-01  4.4567e-01  4.8400e-01  5.2800e-01
  5.7867e-01  6.3400e-01  6.9500e-01  7.6200e-01  8.4267e-01  9.3933e-01
  1.0750e+00  1.2533e+00  1.4933e+00  1.7967e+00  2.1467e+00  2.5433e+00
  2.9533e+00  3.5674e+00  4.3492e+00  5.2963e+00  6.2131e+00  7.1049e+00
  7.9695e+00  8.8087e+00  9.6240e+00  1.0417e+01  1.1189e+01  1.1942e+01
  1.2204e+01  1.1727e+01  1.0523e+01  9.0847e+00  7.7944e+00  6.9116e+00
  6.4253e+00  6.2077e+00  6.0100e+00  6.0032e+00  6.1836e+00  6.5320e+00
  6.8075e+00  6.9421e+00  6.9376e+00  6.8636e+00  6.8651e+00  6.9647e+00
  7.1616e+00  7.3802e+00  7.5417e+00  7.6179e+00  7.6095e+00  7.5720e+00
  7.5372e+00  7.5097e+00  7.4896e+00  7.4742e+00  7.4300e+00  7.3566e+00
  7.2543e+00  7.1352e+00  6.9966e+00  6.8375e+00  6.6501e+00  6.4339e+00
  6.1912e+00  6.0627e+00  6.0523e+00  6.1564e+00  6.1504e+00  6.0319e+00
  5.8213e+00  5.6271e+00  5.5051e+00  5.4442e+00  5.4215e+00  5.3799e+00
  5.2820e+00  5.1408e+00  4.9635e+00  4.7780e+00  4.5667e+00  4.3754e+00
  4.2205e+00  4.0825e+00  3.9389e+00  3.7955e+00  3.6840e+00  3.6026e+00
  3.6289e+00  4.2636e+00  6.0753e+00  1.5302e+01  3.7629e+01  8.0664e+01
  2.5981e+02  5.7722e+02  1.0084e+03  1.5300e+03  2.6060e+03  4.7248e+03
  7.7880e+03
# H2O profile (VMR-PPMV) for lat -45.0 degrees, month 01:
  1.3510e-02  1.4540e-02  1.5650e-02  1.6897e-02  1.8320e-02  1.9943e-02
  2.1810e-02  2.3913e-02  2.6350e-02  2.9193e-02  3.2527e-02  3.6390e-02
  4.0910e-02  4.6247e-02  5.2497e-02  5.9770e-02  6.8483e-02  7.8907e-02
  9.1260e-02  1.0551e-01  1.2223e-01  1.4207e-01  1.6573e-01  1.9387e-01
  2.2717e-01  2.6657e-01  3.1310e-01  3.6797e-01  4.3253e-01  5.0840e-01
  5.9673e-01  6.9943e-01  8.1827e-01  9.5533e-01  1.1130e+00  1.2783e+00
  1.4493e+00  1.6237e+00  1.8814e+00  2.2154e+00  2.6188e+00  3.0168e+00
  3.4093e+00  3.7957e+00  4.1761e+00  4.5514e+00  4.9046e+00  5.2167e+00
  5.4885e+00  5.7380e+00  5.9844e+00  6.1725e+00  6.2927e+00  6.3459e+00
  6.3883e+00  6.4283e+00  6.4622e+00  6.4904e+00  6.5146e+00  6.5558e+00
  6.6314e+00  6.7413e+00  6.8676e+00  6.9926e+00  7.1160e+00  7.2382e+00
  7.3594e+00  7.4440e+00  7.4777e+00  7.4607e+00  7.4293e+00  7.3792e+00
  7.2990e+00  7.1886e+00  7.0752e+00  6.9838e+00  6.9144e+00  6.8554e+00
  6.7827e+00  6.6963e+00  6.5789e+00  6.3844e+00  6.1109e+00  5.8421e+00
  5.7352e+00  5.7926e+00  5.9133e+00  5.9290e+00  5.8337e+00  5.6503e+00
  5.4592e+00  5.3192e+00  5.2478e+00  5.2434e+00  5.2357e+00  5.1314e+00
  4.9101e+00  4.5566e+00  4.2292e+00  3.9961e+00  3.9520e+00  4.0092e+00
  4.0893e+00  4.1086e+00  4.0943e+00  4.1543e+00  4.6430e+00  6.2617e+00
  9.5952e+00  1.9627e+01  4.1727e+01  8.3107e+01  3.5135e+02  8.5933e+02
  1.5870e+03  2.3202e+03  3.2165e+03  4.5811e+03  6.5253e+03  8.9826e+03
  1.1660e+04
# H2O profile (VMR-PPMV) for lat -10. degrees, month 01:
  8.7060e-01  8.8697e-01  9.0400e-01  9.2230e-01  9.4167e-01  9.6247e-01
  9.8537e-01  1.0104e+00  1.0380e+00  1.0677e+00  1.1003e+00  1.1357e+00
  1.1737e+00  1.2137e+00  1.2560e+00  1.3010e+00  1.3487e+00  1.3987e+00
  1.4503e+00  1.5050e+00  1.5627e+00  1.6237e+00  1.6867e+00  1.7523e+00
  1.8207e+00  1.8920e+00  1.9660e+00  2.0430e+00  2.1230e+00  2.2057e+00
  2.2913e+00  2.3800e+00  2.4713e+00  2.5650e+00  2.6610e+00  2.7597e+00
  2.8607e+00  2.9647e+00  3.0717e+00  3.2629e+00  3.5367e+00  3.8916e+00
  4.2457e+00  4.5991e+00  4.9518e+00  5.2916e+00  5.6111e+00  5.9096e+00
  6.1987e+00  6.4689e+00  6.6625e+00  6.7800e+00  6.8378e+00  6.8948e+00
  6.9276e+00  6.9334e+00  6.9124e+00  6.8911e+00  6.9129e+00  6.9770e+00
  7.0802e+00  7.1868e+00  7.3113e+00  7.4534e+00  7.6089e+00  7.7385e+00
  7.7875e+00  7.7563e+00  7.6699e+00  7.5724e+00  7.4317e+00  7.2472e+00
  7.0387e+00  6.8656e+00  6.7287e+00  6.6144e+00  6.4751e+00  6.3105e+00
  6.1090e+00  5.8348e+00  5.4875e+00  5.1388e+00  4.9776e+00  5.0051e+00
  5.1457e+00  5.2252e+00  5.2253e+00  5.1351e+00  5.0035e+00  4.8645e+00
  4.7544e+00  4.6734e+00  4.5861e+00  4.4662e+00  4.2765e+00  4.0309e+00
  3.7774e+00  3.6198e+00  3.5944e+00  3.6893e+00  3.7869e+00  3.8504e+00
  3.8752e+00  4.0505e+00  4.7375e+00  6.4239e+00  1.0866e+01  2.1015e+01
  1.2530e+02  5.9493e+02  1.4061e+03  2.4666e+03  3.4902e+03  4.4945e+03
  5.4707e+03  6.4294e+03  8.0238e+03  1.0980e+04  1.5511e+04  2.1172e+04
  2.7250e+04
# H2O profile (VMR-PPMV) for lat 10. degrees, month 01:
  8.7060e-01  8.8697e-01  9.0400e-01  9.2230e-01  9.4167e-01  9.6247e-01
  9.8537e-01  1.0104e+00  1.0380e+00  1.0677e+00  1.1003e+00  1.1357e+00
  1.1737e+00  1.2137e+00  1.2560e+00  1.3010e+00  1.3487e+00  1.3987e+00
  1.4503e+00  1.5050e+00  1.5627e+00  1.6237e+00  1.6867e+00  1.7523e+00
  1.8207e+00  1.8920e+00  1.9660e+00  2.0430e+00  2.1230e+00  2.2057e+00
  2.2913e+00  2.3800e+00  2.4713e+00  2.5650e+00  2.6610e+00  2.7597e+00
  2.8607e+00  2.9647e+00  3.0717e+00  3.2040e+00  3.3601e+00  3.5385e+00
  3.7162e+00  3.8931e+00  4.0696e+00  4.2630e+00  4.4837e+00  4.7321e+00
  4.9908e+00  5.2425e+00  5.4710e+00  5.6758e+00  5.8625e+00  6.0469e+00
  6.1987e+00  6.3170e+00  6.4016e+00  6.4863e+00  6.5916e+00  6.7173e+00
  6.8604e+00  7.0077e+00  7.1736e+00  7.3578e+00  7.5550e+00  7.7234e+00
  7.8183e+00  7.8398e+00  7.8160e+00  7.7700e+00  7.6641e+00  7.4983e+00
  7.3098e+00  7.1598e+00  7.0483e+00  6.9558e+00  6.8521e+00  6.7368e+00
  6.5635e+00  6.2801e+00  5.8863e+00  5.5336e+00  5.3684e+00  5.3920e+00
  5.4693e+00  5.4853e+00  5.4142e+00  5.2698e+00  5.0962e+00  4.9354e+00
  4.8172e+00  4.7340e+00  4.6405e+00  4.5042e+00  4.2742e+00  3.9858e+00
  3.6934e+00  3.5387e+00  3.5439e+00  3.6734e+00  3.7821e+00  3.7897e+00
  3.7239e+00  3.7003e+00  4.1242e+00  5.5930e+00  8.8708e+00  1.7826e+01
  1.6083e+02  5.5422e+02  1.1807e+03  1.9090e+03  2.6107e+03  3.2972e+03
  3.9635e+03  4.6188e+03  5.9485e+03  8.6263e+03  1.3233e+04  1.9663e+04
  2.7250e+04
# H2O profile (VMR-PPMV) for lat 45 degrees, month 01:
  1.3510e-02  1.4540e-02  1.5650e-02  1.6897e-02  1.8320e-02  1.9943e-02
  2.1810e-02  2.3913e-02  2.6350e-02  2.9193e-02  3.2527e-02  3.6390e-02
  4.0910e-02  4.6247e-02  5.2497e-02  5.9770e-02  6.8483e-02  7.8907e-02
  9.1260e-02  1.0551e-01  1.2223e-01  1.4207e-01  1.6573e-01  1.9387e-01
  2.2717e-01  2.6657e-01  3.1310e-01  3.6797e-01  4.3253e-01  5.0840e-01
  5.9673e-01  6.9943e-01  8.1827e-01  9.5533e-01  1.1130e+00  1.2783e+00
  1.4493e+00  1.6237e+00  1.8150e+00  2.0263e+00  2.2256e+00  2.4053e+00
  2.5582e+00  2.7106e+00  2.8630e+00  3.0153e+00  3.1673e+00  3.3190e+00
  3.4777e+00  3.6448e+00  3.8200e+00  3.9958e+00  4.1759e+00  4.3699e+00
  4.5783e+00  4.7963e+00  5.0139e+00  5.2576e+00  5.5301e+00  5.8306e+00
  6.1327e+00  6.4374e+00  6.7452e+00  7.0551e+00  7.3352e+00  7.5346e+00
  7.6538e+00  7.7213e+00  7.7573e+00  7.7351e+00  7.6554e+00  7.5492e+00
  7.4301e+00  7.2904e+00  7.1299e+00  7.0074e+00  6.9528e+00  6.9661e+00
  6.9830e+00  6.9729e+00  6.9355e+00  6.8063e+00  6.5752e+00  6.2404e+00
  6.0144e+00  5.9334e+00  5.9991e+00  6.0366e+00  6.0054e+00  5.8846e+00
  5.7044e+00  5.5043e+00  5.3190e+00  5.1839e+00  5.1018e+00  5.0300e+00
  4.9104e+00  4.7008e+00  4.3971e+00  4.1452e+00  4.0239e+00  4.1157e+00
  4.3009e+00  4.4217e+00  4.3635e+00  4.1138e+00  3.8862e+00  3.9148e+00
  4.8746e+00  7.4790e+00  1.3045e+01  2.5522e+01  1.0774e+02  3.1520e+02
  6.3882e+02  1.0131e+03  1.4486e+03  2.1292e+03  3.7667e+03  7.0035e+03
  1.1660e+04
# H2O profile (VMR-PPMV) for lat 75 degrees, month 01:
  2.0000e-01  2.0733e-01  2.1500e-01  2.2300e-01  2.3100e-01  2.3900e-01
  2.4700e-01  2.5500e-01  2.6333e-01  2.7200e-01  2.8167e-01  2.9200e-01
  3.0300e-01  3.1467e-01  3.2633e-01  3.3867e-01  3.5067e-01  3.6300e-01
  3.8433e-01  4.1633e-01  4.8500e-01  5.9233e-01  7.7267e-01  1.0323e+00
  1.4000e+00  1.9000e+00  2.5800e+00  3.3483e+00  4.5463e+00  6.2523e+00
  7.9287e+00  9.1853e+00  9.5090e+00  9.4890e+00  9.0650e+00  8.6030e+00
  8.0703e+00  7.5267e+00  6.9777e+00  6.4667e+00  5.9883e+00  5.5764e+00
  5.2200e+00  4.9145e+00  4.6095e+00  4.3046e+00  3.9994e+00  3.6943e+00
  3.5032e+00  3.4780e+00  3.6183e+00  3.8103e+00  4.0024e+00  4.2474e+00
  4.5456e+00  4.8943e+00  5.2402e+00  5.5970e+00  6.0008e+00  6.4506e+00
  6.9313e+00  7.4055e+00  7.8484e+00  8.2611e+00  8.6464e+00  9.0306e+00
  9.3299e+00  9.5316e+00  9.6355e+00  9.7259e+00  9.6942e+00  9.4928e+00
  9.1210e+00  8.7007e+00  8.3117e+00  7.9747e+00  7.6895e+00  7.4601e+00
  7.3231e+00  7.2790e+00  7.2893e+00  7.2428e+00  7.1392e+00  6.9798e+00
  6.7815e+00  6.5116e+00  6.1693e+00  5.8360e+00  5.6553e+00  5.6293e+00
  5.6594e+00  5.5910e+00  5.4669e+00  5.3659e+00  5.2940e+00  5.1979e+00
  5.0990e+00  5.0341e+00  4.9477e+00  4.8001e+00  4.6136e+00  4.5021e+00
  4.4972e+00  4.6031e+00  4.7435e+00  4.7272e+00  4.4749e+00  4.0098e+00
  3.8660e+00  4.3885e+00  6.4873e+00  1.1083e+01  2.0423e+01  4.2561e+01
  1.3004e+02  2.7836e+02  4.8304e+02  7.1033e+02  1.0285e+03  1.4994e+03
  2.1030e+03
# H2O profile (VMR-PPMV) for lat -75.0 degrees, month 01:
  2.0000e-01  2.0733e-01  2.1500e-01  2.2300e-01  2.3100e-01  2.3900e-01
  2.4700e-01  2.5500e-01  2.6333e-01  2.7200e-01  2.8167e-01  2.9200e-01
  3.0300e-01  3.1467e-01  3.2633e-01  3.3867e-01  3.5067e-01  3.6300e-01
  3.7700e-01  3.9333e-01  4.1667e-01  4.4567e-01  4.8400e-01  5.2800e-01
  5.7867e-01  6.3400e-01  6.9500e-01  7.6200e-01  8.4267e-01  9.3933e-01
  1.0750e+00  1.2533e+00  1.4933e+00  1.7967e+00  2.1467e+00  2.5433e+00
  2.9533e+00  3.5622e+00  4.3340e+00  5.2663e+00  6.1687e+00  7.0465e+00
  7.8975e+00  8.7235e+00  9.5261e+00  1.0307e+01  1.0849e+01  1.1026e+01
  1.0851e+01  1.0548e+01  1.0247e+01  9.8443e+00  9.3413e+00  8.7484e+00
  8.1650e+00  7.6729e+00  7.3233e+00  7.1153e+00  6.9662e+00  6.8600e+00
  6.8084e+00  6.8106e+00  6.8273e+00  6.8841e+00  6.9809e+00  7.1150e+00
  7.2481e+00  7.3575e+00  7.4433e+00  7.5057e+00  7.5677e+00  7.6144e+00
  7.6374e+00  7.6365e+00  7.6265e+00  7.6127e+00  7.5952e+00  7.5745e+00
  7.5201e+00  7.4256e+00  7.2910e+00  7.1216e+00  6.9103e+00  6.6560e+00
  6.4477e+00  6.3381e+00  6.3289e+00  6.3162e+00  6.2198e+00  6.0494e+00
  5.8654e+00  5.7139e+00  5.6019e+00  5.5180e+00  5.4832e+00  5.4739e+00
  5.3779e+00  5.1689e+00  4.8630e+00  4.5875e+00  4.3865e+00  4.3187e+00
  4.3561e+00  4.3848e+00  4.3185e+00  4.1454e+00  3.8792e+00  3.5509e+00
  3.3265e+00  3.7808e+00  5.7195e+00  1.7293e+01  4.9291e+01  1.4057e+02
  3.4742e+02  6.5536e+02  1.0383e+03  1.5300e+03  2.6060e+03  4.7248e+03
  7.7880e+03
# H2O profile (VMR-PPMV) for lat -45.0 degrees, month 01:
  1.3510e-02  1.4540e-02  1.5650e-02  1.6897e-02  1.8320e-02  1.9943e-02
  2.1810e-02  2.3913e-02  2.6350e-02  2.9193e-02  3.2527e-02  3.6390e-02
  4.0910e-02  4.6247e-02  5.2497e-02  5.9770e-02  6.8483e-02  7.8907e-02
  9.1260e-02  1.0551e-01  1.2223e-01  1.4207e-01  1.6573e-01  1.9387e-01
  2.2717e-01  2.6657e-01  3.1310e-01  3.6797e-01  4.3253e-01  5.0840e-01
  5.9673e-01  6.9943e-01  8.1827e-01  9.5533e-01  1.1130e+00  1.2783e+00
  1.4493e+00  1.6237e+00  2.1241e+00  2.9384e+00  4.0577e+00  5.1620e+00
  6.2513e+00  7.3234e+00  8.3788e+00  9.4202e+00  1.0250e+01  1.0723e+01
  1.0844e+01  1.0818e+01  1.0792e+01  1.0573e+01  1.0150e+01  9.5272e+00
  8.9002e+00  8.3172e+00  7.8313e+00  7.4400e+00  7.1077e+00  6.8251e+00
  6.6329e+00  6.5289e+00  6.4668e+00  6.4496e+00  6.4849e+00  6.5722e+00
  6.6667e+00  6.7530e+00  6.8308e+00  6.9002e+00  6.9690e+00  7.0118e+00
  7.0227e+00  7.0018e+00  6.9890e+00  7.0052e+00  7.0506e+00  7.0862e+00
  7.0372e+00  6.9031e+00  6.6959e+00  6.4339e+00  6.1150e+00  5.7839e+00
  5.6005e+00  5.5672e+00  5.6421e+00  5.6682e+00  5.6433e+00  5.5717e+00
  5.4943e+00  5.4228e+00  5.3648e+00  5.3240e+00  5.2786e+00  5.1624e+00
  4.9603e+00  4.6445e+00  4.3407e+00  4.1111e+00  4.0866e+00  4.1660e+00
  4.2683e+00  4.2448e+00  4.1488e+00  4.0262e+00  4.2235e+00  4.8739e+00
  7.4003e+00  1.3935e+01  2.8539e+01  6.7783e+01  2.9235e+02  7.7773e+02
  1.4929e+03  2.2736e+03  3.2010e+03  4.5811e+03  6.5253e+03  8.9826e+03
  1.1660e+04
# H2O profile (VMR-PPMV) for lat -10. degrees, month 01:
  8.7060e-01  8.8697e-01  9.0400e-01  9.2230e-01  9.4167e-01  9.6247e-01
  9.8537e-01  1.0104e+00  1.0380e+00  1.0677e+00  1.1003e+00  1.1357e+00
  1.1737e+00  1.2137e+00  1.2560e+00  1.3010e+00  1.3487e+00  1.3987e+00
  1.4503e+00  1.5050e+00  1.5627e+00  1.6237e+00  1.6867e+00  1.7523e+00
  1.8207e+00  1.8920e+00  1.9660e+00  2.0430e+00  2.1230e+00  2.2057e+00
  2.2913e+00  2.3800e+00  2.4713e+00  2.5650e+00  2.6610e+00  2.7597e+00
  2.8607e+00  2.9647e+00  3.0717e+00  3.3565e+00  3.8173e+00  4.4522e+00
  5.0857e+00  5.7179e+00  6.2933e+00  6.7403e+00  7.0585e+00  7.3037e+00
  7.5468e+00  7.6815e+00  7.7001e+00  7.6033e+00  7.4990e+00  7.3692e+00
  7.1835e+00  6.9416e+00  6.6714e+00  6.4355e+00  6.2594e+00  6.1426e+00
  6.0530e+00  6.0260e+00  6.0843e+00  6.2270e+00  6.3922e+00  6.5435e+00
  6.6793e+00  6.7992e+00  6.9166e+00  6.9591e+00  6.9150e+00  6.7841e+00
  6.6635e+00  6.5719e+00  6.5097e+00  6.4316e+00  6.3194e+00  6.1726e+00
  5.9810e+00  5.7256e+00  5.4062e+00  5.1166e+00  4.9690e+00  4.9644e+00
  5.0267e+00  5.0579e+00  5.0407e+00  4.9811e+00  4.9134e+00  4.8606e+00
  4.8238e+00  4.7828e+00  4.6991e+00  4.5745e+00  4.3806e+00  4.1621e+00
  3.9426e+00  3.8051e+00  3.7690e+00  3.8141e+00  3.8657e+00  3.8635e+00
  3.8449e+00  3.8869e+00  4.5711e+00  6.7012e+00  1.1382e+01  2.1646e+01
  2.3234e+02  7.9195e+02  1.6773e+03  2.6896e+03  3.6667e+03  4.6254e+03
  5.5572e+03  6.4723e+03  8.0381e+03  1.0980e+04  1.5511e+04  2.1172e+04
  2.7250e+04
# H2O profile (VMR-PPMV) for lat 10. degrees, month 01:
  8.7060e-01  8.8697e-01  9.0400e-01  9.2230e-01  9.4167e-01  9.6247e-01
  9.8537e-01  1.0104e+00  1.0380e+00  1.0677e+00  1.1003e+00  1.1357e+00
  1.1737e+00  1.2137e+00  1.2560e+00  1.3010e+00  1.3487e+00  1.3987e+00
  1.4503e+00  1.5050e+00  1.5627e+00  1.6237e+00  1.6867e+00  1.7523e+00
  1.8207e+00  1.8920e+00  1.9660e+00  2.0430e+00  2.1230e+00  2.2057e+00
  2.2913e+00  2.3800e+00  2.4713e+00  2.5650e+00  2.6610e+00  2.7597e+00
  2.8607e+00  2.9647e+00  3.0717e+00  3.4332e+00  4.0477e+00  4.9108e+00
  5.7704e+00  6.6263e+00  7.4780e+00  8.1280e+00  8.5754e+00  8.8242e+00
  9.0722e+00  9.2301e+00  9.1950e+00  8.9680e+00  8.6410e+00  8.3180e+00
  7.9708e+00  7.5983e+00  7.2021e+00  6.8213e+00  6.5567e+00  6.4060e+00
  6.3571e+00  6.3393e+00  6.4048e+00  6.5529e+00  6.7530e+00  6.9285e+00
  7.0587e+00  7.1435e+00  7.2070e+00  7.2362e+00  7.1994e+00  7.0965e+00
  6.9821e+00  6.9108e+00  6.8828e+00  6.8587e+00  6.7865e+00  6.6658e+00
  6.4856e+00  6.2173e+00  5.8608e+00  5.4934e+00  5.2763e+00  5.2105e+00
  5.2396e+00  5.2432e+00  5.2074e+00  5.1254e+00  5.0282e+00  4.9434e+00
  4.8890e+00  4.8525e+00  4.7885e+00  4.6704e+00  4.4728e+00  4.2310e+00
  4.0021e+00  3.8700e+00  3.8507e+00  3.9125e+00  3.9462e+00  3.8973e+00
  3.7925e+00  3.7952e+00  4.4724e+00  6.4930e+00  1.0814e+01  2.1493e+01
  1.5419e+02  5.3827e+02  1.1560e+03  1.8887e+03  2.5947e+03  3.2853e+03
  3.9556e+03  4.6148e+03  5.9472e+03  8.6263e+03  1.3233e+04  1.9663e+04
  2.7250e+04
# H2O profile (VMR-PPMV) for lat 45 degrees, month 01:
  1.3510e-02  1.4540e-02  1.5650e-02  1.6897e-02  1.8320e-02  1.9943e-02
  2.1810e-02  2.3913e-02  2.6350e-02  2.9193e-02  3.2527e-02  3.6390e-02
  4.0910e-02  4.6247e-02  5.2497e-02  5.9770e-02  6.8483e-02  7.8907e-02
  9.1260e-02  1.0551e-01  1.2223e-01  1.4207e-01  1.6573e-01  1.9387e-01
  2.2717e-01  2.6657e-01  3.1310e-01  3.6797e-01  4.3253e-01  5.0840e-01
  5.9673e-01  6.9943e-01  8.1827e-01  9.5533e-01  1.1130e+00  1.2783e+00
  1.4493e+00  1.6237e+00  1.8150e+00  2.0263e+00  2.2975e+00  2.6203e+00
  2.9875e+00  3.3537e+00  3.7199e+00  4.0858e+00  4.4510e+00  4.8134e+00
  5.1492e+00  5.4590e+00  5.7447e+00  6.0299e+00  6.2761e+00  6.4372e+00
  6.5135e+00  6.5433e+00  6.5730e+00  6.5863e+00  6.5828e+00  6.5626e+00
  6.5426e+00  6.5255e+00  6.5112e+00  6.4995e+00  6.5009e+00  6.5356e+00
  6.6033e+00  6.6905e+00  6.7729e+00  6.8479e+00  6.9153e+00  6.9793e+00
  7.0169e+00  7.0079e+00  6.9522e+00  6.9020e+00  6.9066e+00  6.9663e+00
  7.0299e+00  7.0355e+00  6.9824e+00  6.8595e+00  6.6659e+00  6.4004e+00
  6.1726e+00  6.0755e+00  6.1105e+00  6.1755e+00  6.1730e+00  6.0935e+00
  5.9507e+00  5.7868e+00  5.6182e+00  5.4710e+00  5.3601e+00  5.2520e+00
  5.0870e+00  4.8358e+00  4.5088e+00  4.2778e+00  4.2001e+00  4.3266e+00
  4.5065e+00  4.5849e+00  4.4697e+00  4.1691e+00  3.9189e+00  3.9722e+00
  5.0157e+00  7.6019e+00  1.3486e+01  2.5016e+01  8.0820e+01  2.7055e+02
  5.8642e+02  9.8714e+02  1.4399e+03  2.1292e+03  3.7667e+03  7.0035e+03
  1.1660e+04
# H2O profile (VMR-PPMV) for lat 75 degrees, month 01:
  2.0000e-01  2.0733e-01  2.1500e-01  2.2300e-01  2.3100e-01  2.3900e-01
  2.4700e-01  2.5500e-01  2.6333e-01  2.7200e-01  2.8167e-01  2.9200e-01
  3.0300e-01  3.1467e-01  3.2633e-01  3.3867e-01  3.5067e-01  3.6300e-01
  3.8433e-01  4.1633e-01  4.8500e-01  5.9233e-01  7.7267e-01  1.0323e+00
  1.4000e+00  1.9000e+00  2.5800e+00  3.3483e+00  4.5463e+00  6.2523e+00
  7.9287e+00  9.1853e+00  9.5090e+00  9.4890e+00  9.0650e+00  8.6030e+00
  8.0703e+00  7.5267e+00  6.9777e+00  6.4667e+00  5.9883e+00  5.5416e+00
  5.1158e+00  4.7063e+00  4.2974e+00  3.8886e+00  3.4795e+00  3.0704e+00
  2.8215e+00  2.7988e+00  3.0020e+00  3.2711e+00  3.5391e+00  3.8081e+00
  4.0787e+00  4.3498e+00  4.6187e+00  4.8589e+00  5.0575e+00  5.2144e+00
  5.3558e+00  5.4714e+00  5.5542e+00  5.6046e+00  5.6482e+00  5.7590e+00
  5.9367e+00  6.1806e+00  6.4236e+00  6.6144e+00  6.7503e+00  6.8316e+00
  6.9101e+00  6.9474e+00  6.9295e+00  6.8561e+00  6.7956e+00  6.7862e+00
  6.8283e+00  6.8829e+00  6.8700e+00  6.7890e+00  6.6505e+00  6.5009e+00
  6.3403e+00  6.1729e+00  6.1271e+00  6.2039e+00  6.4022e+00  6.5756e+00
  6.7129e+00  6.7485e+00  6.6731e+00  6.4777e+00  6.2142e+00  5.9669e+00
  5.7785e+00  5.5961e+00  5.3379e+00  5.0114e+00  4.7130e+00  4.5433e+00
  4.5344e+00  4.6794e+00  4.8298e+00  4.8146e+00  4.5408e+00  4.2704e+00
  4.3372e+00  5.2585e+00  7.4840e+00  1.1752e+01  1.8986e+01  3.3981e+01
  9.3830e+01  2.4383e+02  4.5532e+02  7.1033e+02  1.0285e+03  1.4994e+03
  2.1030e+03
# Last line of file.
