30-OCT-2015 11:44:33.000000
# V5.1 FILE generated by J.J. Remedios and D. Moore
# HITRAN code of the gas:
 11
# DN:
0 0 0 0 0 0
# NH3 profile (VMR-PPMV) for lat -75.0 degrees, month 07:
  7.8812e-08  7.8812e-08  7.8812e-08  7.8812e-08  7.8812e-08  7.8812e-08
  7.8812e-08  7.8812e-08  7.8812e-08  7.8812e-08  7.8812e-08  7.8812e-08
  7.8812e-08  7.8812e-08  7.8812e-08  7.8812e-08  7.8812e-08  7.8812e-08
  7.8812e-08  7.8812e-08  7.8812e-08  7.8812e-08  7.8812e-08  7.8812e-08
  7.8812e-08  7.8812e-08  7.8812e-08  7.8812e-08  7.8812e-08  7.8812e-08
  7.8812e-08  7.8812e-08  7.8812e-08  7.8812e-08  7.8812e-08  7.8812e-08
  7.8812e-08  7.8812e-08  7.8812e-08  7.8812e-08  7.8812e-08  7.8812e-08
  7.8812e-08  7.8812e-08  7.8812e-08  7.8812e-08  7.8812e-08  7.8812e-08
  7.8812e-08  7.8812e-08  7.8812e-08  7.8812e-08  7.8812e-08  7.8812e-08
  7.8812e-08  7.8812e-08  7.8812e-08  7.8812e-08  7.8812e-08  7.8812e-08
  7.8812e-08  7.8812e-08  7.8667e-08  7.8528e-08  7.8390e-08  7.8249e-08
  7.8102e-08  7.7947e-08  7.7785e-08  7.7610e-08  7.7417e-08  7.7202e-08
  7.6968e-08  7.6719e-08  7.6463e-08  7.6207e-08  7.5961e-08  7.5727e-08
  7.5506e-08  7.5292e-08  7.5081e-08  7.4875e-08  7.4683e-08  7.4529e-08
  7.4437e-08  7.4432e-08  7.4518e-08  7.4679e-08  7.4858e-08  7.4954e-08
  7.4817e-08  7.4256e-08  7.3072e-08  7.1112e-08  6.8286e-08  6.4557e-08
  5.9926e-08  5.4425e-08  4.8116e-08  4.1132e-08  3.3735e-08  2.6366e-08
  1.9545e-08  1.3702e-08  9.0460e-09  5.5547e-09  3.1010e-09  1.5158e-09
  6.2019e-10  2.0127e-10  5.3787e-11  6.5470e-11  3.5783e-10  1.9496e-09
  1.3489e-08  7.0554e-08  2.7310e-07  7.4316e-07  1.3058e-06  1.6550e-06
  1.6598e-06
# NH3 profile (VMR-PPMV) for lat -45.0 degrees, month 07:
  7.5059e-08  7.5059e-08  7.5059e-08  7.5059e-08  7.5059e-08  7.5059e-08
  7.5059e-08  7.5059e-08  7.5059e-08  7.5059e-08  7.5059e-08  7.5059e-08
  7.5059e-08  7.5059e-08  7.5059e-08  7.5059e-08  7.5059e-08  7.5059e-08
  7.5059e-08  7.5059e-08  7.5059e-08  7.5059e-08  7.5059e-08  7.5059e-08
  7.5059e-08  7.5059e-08  7.5059e-08  7.5059e-08  7.5059e-08  7.5059e-08
  7.5059e-08  7.5059e-08  7.5059e-08  7.5059e-08  7.5059e-08  7.5059e-08
  7.5059e-08  7.5059e-08  7.5059e-08  7.5059e-08  7.5059e-08  7.5059e-08
  7.5059e-08  7.5059e-08  7.5059e-08  7.5059e-08  7.5059e-08  7.5059e-08
  7.5059e-08  7.5059e-08  7.5059e-08  7.5059e-08  7.5059e-08  7.5059e-08
  7.5059e-08  7.5059e-08  7.5059e-08  7.5059e-08  7.5059e-08  7.5059e-08
  7.5059e-08  7.5059e-08  7.5053e-08  7.5045e-08  7.5029e-08  7.4994e-08
  7.4936e-08  7.4841e-08  7.4708e-08  7.4518e-08  7.4271e-08  7.3946e-08
  7.3550e-08  7.3079e-08  7.2556e-08  7.1989e-08  7.1393e-08  7.0774e-08
  7.0148e-08  6.9531e-08  6.8939e-08  6.8378e-08  6.7850e-08  6.7328e-08
  6.6760e-08  6.6062e-08  6.5127e-08  6.3854e-08  6.2166e-08  6.0069e-08
  5.7602e-08  5.4832e-08  5.1811e-08  4.8602e-08  4.5253e-08  4.1779e-08
  3.8149e-08  3.4310e-08  3.0225e-08  2.5901e-08  2.1396e-08  1.6859e-08
  1.2577e-08  8.9089e-09  6.1233e-09  4.1804e-09  2.8342e-09  1.8338e-09
  1.2136e-09  1.4181e-09  3.3194e-09  7.9705e-09  1.6741e-08  3.7853e-08
  1.3112e-07  6.4692e-07  2.8243e-06  1.0058e-05  3.3741e-05  8.3466e-05
  1.5578e-04
# NH3 profile (VMR-PPMV) for lat -10. degrees, month 07:
  7.3975e-08  7.3975e-08  7.3975e-08  7.3975e-08  7.3975e-08  7.3975e-08
  7.3975e-08  7.3975e-08  7.3975e-08  7.3975e-08  7.3975e-08  7.3975e-08
  7.3975e-08  7.3975e-08  7.3975e-08  7.3975e-08  7.3975e-08  7.3975e-08
  7.3975e-08  7.3975e-08  7.3975e-08  7.3975e-08  7.3975e-08  7.3975e-08
  7.3975e-08  7.3975e-08  7.3975e-08  7.3975e-08  7.3975e-08  7.3975e-08
  7.3975e-08  7.3975e-08  7.3975e-08  7.3975e-08  7.3975e-08  7.3975e-08
  7.3975e-08  7.3975e-08  7.3975e-08  7.3975e-08  7.3975e-08  7.3975e-08
  7.3975e-08  7.3975e-08  7.3975e-08  7.3975e-08  7.3975e-08  7.3975e-08
  7.3975e-08  7.3975e-08  7.3975e-08  7.3975e-08  7.3975e-08  7.3975e-08
  7.3975e-08  7.3975e-08  7.3975e-08  7.3975e-08  7.3975e-08  7.3975e-08
  7.3975e-08  7.3975e-08  7.4097e-08  7.4277e-08  7.4501e-08  7.4757e-08
  7.5023e-08  7.5274e-08  7.5484e-08  7.5615e-08  7.5653e-08  7.5557e-08
  7.5328e-08  7.4942e-08  7.4430e-08  7.3804e-08  7.3121e-08  7.2410e-08
  7.1733e-08  7.1133e-08  7.0685e-08  7.0423e-08  7.0376e-08  7.0481e-08
  7.0623e-08  7.0622e-08  7.0203e-08  6.8965e-08  6.6553e-08  6.2963e-08
  5.8668e-08  5.4285e-08  5.0233e-08  4.6589e-08  4.3298e-08  4.0319e-08
  3.7665e-08  3.5201e-08  3.2419e-08  2.8436e-08  2.2597e-08  1.5405e-08
  8.6519e-09  4.6364e-09  4.0987e-09  5.8170e-09  7.4830e-09  8.0161e-09
  8.2463e-09  1.0440e-08  1.7110e-08  2.9535e-08  4.9945e-08  8.9282e-08
  2.4177e-07  1.5513e-06  8.0865e-06  2.7787e-05  8.8473e-05  2.1188e-04
  3.8998e-04
# NH3 profile (VMR-PPMV) for lat 10. degrees, month 07:
  7.8844e-08  7.8844e-08  7.8844e-08  7.8844e-08  7.8844e-08  7.8844e-08
  7.8844e-08  7.8844e-08  7.8844e-08  7.8844e-08  7.8844e-08  7.8844e-08
  7.8844e-08  7.8844e-08  7.8844e-08  7.8844e-08  7.8844e-08  7.8844e-08
  7.8844e-08  7.8844e-08  7.8844e-08  7.8844e-08  7.8844e-08  7.8844e-08
  7.8844e-08  7.8844e-08  7.8844e-08  7.8844e-08  7.8844e-08  7.8844e-08
  7.8844e-08  7.8844e-08  7.8844e-08  7.8844e-08  7.8844e-08  7.8844e-08
  7.8844e-08  7.8844e-08  7.8844e-08  7.8844e-08  7.8844e-08  7.8844e-08
  7.8844e-08  7.8844e-08  7.8844e-08  7.8844e-08  7.8844e-08  7.8844e-08
  7.8844e-08  7.8844e-08  7.8844e-08  7.8844e-08  7.8844e-08  7.8844e-08
  7.8844e-08  7.8844e-08  7.8844e-08  7.8844e-08  7.8844e-08  7.8844e-08
  7.8844e-08  7.8844e-08  7.9033e-08  7.9265e-08  7.9520e-08  7.9786e-08
  8.0048e-08  8.0291e-08  8.0505e-08  8.0685e-08  8.0837e-08  8.0972e-08
  8.1111e-08  8.1286e-08  8.1533e-08  8.1911e-08  8.2455e-08  8.3205e-08
  8.4160e-08  8.5303e-08  8.6590e-08  8.7962e-08  8.9368e-08  9.0763e-08
  9.2135e-08  9.3490e-08  9.4829e-08  9.6086e-08  9.7166e-08  9.8009e-08
  9.8717e-08  9.9440e-08  1.0026e-07  1.0095e-07  1.0101e-07  9.9674e-08
  9.6246e-08  9.0525e-08  8.2757e-08  7.2774e-08  5.9639e-08  4.3439e-08
  2.9580e-08  3.2427e-08  6.3194e-08  1.2261e-07  1.9206e-07  2.5863e-07
  3.2483e-07  4.1367e-07  5.3945e-07  7.0175e-07  8.7881e-07  1.1137e-06
  1.6827e-06  3.3798e-06  7.7818e-06  2.1872e-05  1.0204e-04  3.0292e-04
  6.1726e-04
# NH3 profile (VMR-PPMV) for lat 45 degrees, month 07:
  8.0558e-08  8.0558e-08  8.0558e-08  8.0558e-08  8.0558e-08  8.0558e-08
  8.0558e-08  8.0558e-08  8.0558e-08  8.0558e-08  8.0558e-08  8.0558e-08
  8.0558e-08  8.0558e-08  8.0558e-08  8.0558e-08  8.0558e-08  8.0558e-08
  8.0558e-08  8.0558e-08  8.0558e-08  8.0558e-08  8.0558e-08  8.0558e-08
  8.0558e-08  8.0558e-08  8.0558e-08  8.0558e-08  8.0558e-08  8.0558e-08
  8.0558e-08  8.0558e-08  8.0558e-08  8.0558e-08  8.0558e-08  8.0558e-08
  8.0558e-08  8.0558e-08  8.0558e-08  8.0558e-08  8.0558e-08  8.0558e-08
  8.0558e-08  8.0558e-08  8.0558e-08  8.0558e-08  8.0558e-08  8.0558e-08
  8.0558e-08  8.0558e-08  8.0558e-08  8.0558e-08  8.0558e-08  8.0558e-08
  8.0558e-08  8.0558e-08  8.0558e-08  8.0558e-08  8.0558e-08  8.0558e-08
  8.0558e-08  8.0558e-08  8.0617e-08  8.0715e-08  8.0844e-08  8.1001e-08
  8.1175e-08  8.1364e-08  8.1561e-08  8.1767e-08  8.1978e-08  8.2199e-08
  8.2432e-08  8.2691e-08  8.2985e-08  8.3332e-08  8.3744e-08  8.4235e-08
  8.4824e-08  8.5530e-08  8.6389e-08  8.7423e-08  8.8657e-08  9.0100e-08
  9.1763e-08  9.3655e-08  9.5788e-08  9.8194e-08  1.0091e-07  1.0397e-07
  1.0737e-07  1.1107e-07  1.1495e-07  1.1877e-07  1.2213e-07  1.2461e-07
  1.2574e-07  1.2492e-07  1.2145e-07  1.1457e-07  1.0384e-07  9.0059e-08
  8.0627e-08  9.9557e-08  1.8110e-07  3.3244e-07  5.1476e-07  6.9222e-07
  8.5732e-07  1.0268e-06  1.1941e-06  1.3903e-06  1.6836e-06  2.2495e-06
  3.7682e-06  8.6146e-06  2.4330e-05  6.6422e-05  2.4384e-04  6.5487e-04
  1.2833e-03
# NH3 profile (VMR-PPMV) for lat 75 degrees, month 07:
  8.1272e-08  8.1272e-08  8.1272e-08  8.1272e-08  8.1272e-08  8.1272e-08
  8.1272e-08  8.1272e-08  8.1272e-08  8.1272e-08  8.1272e-08  8.1272e-08
  8.1272e-08  8.1272e-08  8.1272e-08  8.1272e-08  8.1272e-08  8.1272e-08
  8.1272e-08  8.1272e-08  8.1272e-08  8.1272e-08  8.1272e-08  8.1272e-08
  8.1272e-08  8.1272e-08  8.1272e-08  8.1272e-08  8.1272e-08  8.1272e-08
  8.1272e-08  8.1272e-08  8.1272e-08  8.1272e-08  8.1272e-08  8.1272e-08
  8.1272e-08  8.1272e-08  8.1272e-08  8.1272e-08  8.1272e-08  8.1272e-08
  8.1272e-08  8.1272e-08  8.1272e-08  8.1272e-08  8.1272e-08  8.1272e-08
  8.1272e-08  8.1272e-08  8.1272e-08  8.1272e-08  8.1272e-08  8.1272e-08
  8.1272e-08  8.1272e-08  8.1272e-08  8.1272e-08  8.1272e-08  8.1272e-08
  8.1272e-08  8.1272e-08  8.1314e-08  8.1363e-08  8.1414e-08  8.1469e-08
  8.1526e-08  8.1586e-08  8.1651e-08  8.1727e-08  8.1813e-08  8.1921e-08
  8.2058e-08  8.2240e-08  8.2463e-08  8.2727e-08  8.3026e-08  8.3367e-08
  8.3760e-08  8.4214e-08  8.4747e-08  8.5383e-08  8.6160e-08  8.7119e-08
  8.8283e-08  8.9661e-08  9.1247e-08  9.3062e-08  9.5141e-08  9.7523e-08
  1.0024e-07  1.0332e-07  1.0682e-07  1.1078e-07  1.1520e-07  1.1999e-07
  1.2475e-07  1.2870e-07  1.3079e-07  1.3019e-07  1.2651e-07  1.1998e-07
  1.1176e-07  1.0488e-07  1.0327e-07  1.0657e-07  1.0641e-07  9.2639e-08
  6.4659e-08  3.4314e-08  1.3860e-08  6.2420e-09  6.7700e-09  1.1854e-08
  2.5325e-08  6.6322e-08  2.0685e-07  5.9293e-07  2.0243e-06  5.1919e-06
  9.9439e-06
# NH3 profile (VMR-PPMV) for lat -75.0 degrees, month 07:
  7.8812e-08  7.8812e-08  7.8812e-08  7.8812e-08  7.8812e-08  7.8812e-08
  7.8812e-08  7.8812e-08  7.8812e-08  7.8812e-08  7.8812e-08  7.8812e-08
  7.8812e-08  7.8812e-08  7.8812e-08  7.8812e-08  7.8812e-08  7.8812e-08
  7.8812e-08  7.8812e-08  7.8812e-08  7.8812e-08  7.8812e-08  7.8812e-08
  7.8812e-08  7.8812e-08  7.8812e-08  7.8812e-08  7.8812e-08  7.8812e-08
  7.8812e-08  7.8812e-08  7.8812e-08  7.8812e-08  7.8812e-08  7.8812e-08
  7.8812e-08  7.8812e-08  7.8812e-08  7.8812e-08  7.8812e-08  7.8812e-08
  7.8812e-08  7.8812e-08  7.8812e-08  7.8812e-08  7.8812e-08  7.8812e-08
  7.8812e-08  7.8812e-08  7.8812e-08  7.8812e-08  7.8812e-08  7.8812e-08
  7.8812e-08  7.8812e-08  7.8812e-08  7.8812e-08  7.8812e-08  7.8812e-08
  7.8812e-08  7.8812e-08  7.8667e-08  7.8528e-08  7.8390e-08  7.8249e-08
  7.8102e-08  7.7947e-08  7.7785e-08  7.7610e-08  7.7417e-08  7.7202e-08
  7.6968e-08  7.6719e-08  7.6463e-08  7.6207e-08  7.5961e-08  7.5727e-08
  7.5506e-08  7.5292e-08  7.5081e-08  7.4875e-08  7.4683e-08  7.4529e-08
  7.4437e-08  7.4432e-08  7.4518e-08  7.4679e-08  7.4858e-08  7.4954e-08
  7.4817e-08  7.4256e-08  7.3072e-08  7.1112e-08  6.8286e-08  6.4557e-08
  5.9926e-08  5.4425e-08  4.8116e-08  4.1132e-08  3.3735e-08  2.6366e-08
  1.9545e-08  1.3702e-08  9.0460e-09  5.5547e-09  3.1010e-09  1.5158e-09
  6.2019e-10  2.0127e-10  5.3787e-11  6.5470e-11  3.5783e-10  1.9496e-09
  1.3489e-08  7.0554e-08  2.7310e-07  7.4316e-07  1.3058e-06  1.6550e-06
  1.6598e-06
# NH3 profile (VMR-PPMV) for lat -45.0 degrees, month 07:
  7.5059e-08  7.5059e-08  7.5059e-08  7.5059e-08  7.5059e-08  7.5059e-08
  7.5059e-08  7.5059e-08  7.5059e-08  7.5059e-08  7.5059e-08  7.5059e-08
  7.5059e-08  7.5059e-08  7.5059e-08  7.5059e-08  7.5059e-08  7.5059e-08
  7.5059e-08  7.5059e-08  7.5059e-08  7.5059e-08  7.5059e-08  7.5059e-08
  7.5059e-08  7.5059e-08  7.5059e-08  7.5059e-08  7.5059e-08  7.5059e-08
  7.5059e-08  7.5059e-08  7.5059e-08  7.5059e-08  7.5059e-08  7.5059e-08
  7.5059e-08  7.5059e-08  7.5059e-08  7.5059e-08  7.5059e-08  7.5059e-08
  7.5059e-08  7.5059e-08  7.5059e-08  7.5059e-08  7.5059e-08  7.5059e-08
  7.5059e-08  7.5059e-08  7.5059e-08  7.5059e-08  7.5059e-08  7.5059e-08
  7.5059e-08  7.5059e-08  7.5059e-08  7.5059e-08  7.5059e-08  7.5059e-08
  7.5059e-08  7.5059e-08  7.5053e-08  7.5045e-08  7.5029e-08  7.4994e-08
  7.4936e-08  7.4841e-08  7.4708e-08  7.4518e-08  7.4271e-08  7.3946e-08
  7.3550e-08  7.3079e-08  7.2556e-08  7.1989e-08  7.1393e-08  7.0774e-08
  7.0148e-08  6.9531e-08  6.8939e-08  6.8378e-08  6.7850e-08  6.7328e-08
  6.6760e-08  6.6062e-08  6.5127e-08  6.3854e-08  6.2166e-08  6.0069e-08
  5.7602e-08  5.4832e-08  5.1811e-08  4.8602e-08  4.5253e-08  4.1779e-08
  3.8149e-08  3.4310e-08  3.0225e-08  2.5901e-08  2.1396e-08  1.6859e-08
  1.2577e-08  8.9089e-09  6.1233e-09  4.1804e-09  2.8342e-09  1.8338e-09
  1.2136e-09  1.4181e-09  3.3194e-09  7.9705e-09  1.6741e-08  3.7853e-08
  1.3112e-07  6.4692e-07  2.8243e-06  1.0058e-05  3.3741e-05  8.3466e-05
  1.5578e-04
# NH3 profile (VMR-PPMV) for lat -10. degrees, month 07:
  7.3975e-08  7.3975e-08  7.3975e-08  7.3975e-08  7.3975e-08  7.3975e-08
  7.3975e-08  7.3975e-08  7.3975e-08  7.3975e-08  7.3975e-08  7.3975e-08
  7.3975e-08  7.3975e-08  7.3975e-08  7.3975e-08  7.3975e-08  7.3975e-08
  7.3975e-08  7.3975e-08  7.3975e-08  7.3975e-08  7.3975e-08  7.3975e-08
  7.3975e-08  7.3975e-08  7.3975e-08  7.3975e-08  7.3975e-08  7.3975e-08
  7.3975e-08  7.3975e-08  7.3975e-08  7.3975e-08  7.3975e-08  7.3975e-08
  7.3975e-08  7.3975e-08  7.3975e-08  7.3975e-08  7.3975e-08  7.3975e-08
  7.3975e-08  7.3975e-08  7.3975e-08  7.3975e-08  7.3975e-08  7.3975e-08
  7.3975e-08  7.3975e-08  7.3975e-08  7.3975e-08  7.3975e-08  7.3975e-08
  7.3975e-08  7.3975e-08  7.3975e-08  7.3975e-08  7.3975e-08  7.3975e-08
  7.3975e-08  7.3975e-08  7.4097e-08  7.4277e-08  7.4501e-08  7.4757e-08
  7.5023e-08  7.5274e-08  7.5484e-08  7.5615e-08  7.5653e-08  7.5557e-08
  7.5328e-08  7.4942e-08  7.4430e-08  7.3804e-08  7.3121e-08  7.2410e-08
  7.1733e-08  7.1133e-08  7.0685e-08  7.0423e-08  7.0376e-08  7.0481e-08
  7.0623e-08  7.0622e-08  7.0203e-08  6.8965e-08  6.6553e-08  6.2963e-08
  5.8668e-08  5.4285e-08  5.0233e-08  4.6589e-08  4.3298e-08  4.0319e-08
  3.7665e-08  3.5201e-08  3.2419e-08  2.8436e-08  2.2597e-08  1.5405e-08
  8.6519e-09  4.6364e-09  4.0987e-09  5.8170e-09  7.4830e-09  8.0161e-09
  8.2463e-09  1.0440e-08  1.7110e-08  2.9535e-08  4.9945e-08  8.9282e-08
  2.4177e-07  1.5513e-06  8.0865e-06  2.7787e-05  8.8473e-05  2.1188e-04
  3.8998e-04
# NH3 profile (VMR-PPMV) for lat 10. degrees, month 07:
  7.8844e-08  7.8844e-08  7.8844e-08  7.8844e-08  7.8844e-08  7.8844e-08
  7.8844e-08  7.8844e-08  7.8844e-08  7.8844e-08  7.8844e-08  7.8844e-08
  7.8844e-08  7.8844e-08  7.8844e-08  7.8844e-08  7.8844e-08  7.8844e-08
  7.8844e-08  7.8844e-08  7.8844e-08  7.8844e-08  7.8844e-08  7.8844e-08
  7.8844e-08  7.8844e-08  7.8844e-08  7.8844e-08  7.8844e-08  7.8844e-08
  7.8844e-08  7.8844e-08  7.8844e-08  7.8844e-08  7.8844e-08  7.8844e-08
  7.8844e-08  7.8844e-08  7.8844e-08  7.8844e-08  7.8844e-08  7.8844e-08
  7.8844e-08  7.8844e-08  7.8844e-08  7.8844e-08  7.8844e-08  7.8844e-08
  7.8844e-08  7.8844e-08  7.8844e-08  7.8844e-08  7.8844e-08  7.8844e-08
  7.8844e-08  7.8844e-08  7.8844e-08  7.8844e-08  7.8844e-08  7.8844e-08
  7.8844e-08  7.8844e-08  7.9033e-08  7.9265e-08  7.9520e-08  7.9786e-08
  8.0048e-08  8.0291e-08  8.0505e-08  8.0685e-08  8.0837e-08  8.0972e-08
  8.1111e-08  8.1286e-08  8.1533e-08  8.1911e-08  8.2455e-08  8.3205e-08
  8.4160e-08  8.5303e-08  8.6590e-08  8.7962e-08  8.9368e-08  9.0763e-08
  9.2135e-08  9.3490e-08  9.4829e-08  9.6086e-08  9.7166e-08  9.8009e-08
  9.8717e-08  9.9440e-08  1.0026e-07  1.0095e-07  1.0101e-07  9.9674e-08
  9.6246e-08  9.0525e-08  8.2757e-08  7.2774e-08  5.9639e-08  4.3439e-08
  2.9580e-08  3.2427e-08  6.3194e-08  1.2261e-07  1.9206e-07  2.5863e-07
  3.2483e-07  4.1367e-07  5.3945e-07  7.0175e-07  8.7881e-07  1.1137e-06
  1.6827e-06  3.3798e-06  7.7818e-06  2.1872e-05  1.0204e-04  3.0292e-04
  6.1726e-04
# NH3 profile (VMR-PPMV) for lat 45 degrees, month 07:
  8.0558e-08  8.0558e-08  8.0558e-08  8.0558e-08  8.0558e-08  8.0558e-08
  8.0558e-08  8.0558e-08  8.0558e-08  8.0558e-08  8.0558e-08  8.0558e-08
  8.0558e-08  8.0558e-08  8.0558e-08  8.0558e-08  8.0558e-08  8.0558e-08
  8.0558e-08  8.0558e-08  8.0558e-08  8.0558e-08  8.0558e-08  8.0558e-08
  8.0558e-08  8.0558e-08  8.0558e-08  8.0558e-08  8.0558e-08  8.0558e-08
  8.0558e-08  8.0558e-08  8.0558e-08  8.0558e-08  8.0558e-08  8.0558e-08
  8.0558e-08  8.0558e-08  8.0558e-08  8.0558e-08  8.0558e-08  8.0558e-08
  8.0558e-08  8.0558e-08  8.0558e-08  8.0558e-08  8.0558e-08  8.0558e-08
  8.0558e-08  8.0558e-08  8.0558e-08  8.0558e-08  8.0558e-08  8.0558e-08
  8.0558e-08  8.0558e-08  8.0558e-08  8.0558e-08  8.0558e-08  8.0558e-08
  8.0558e-08  8.0558e-08  8.0617e-08  8.0715e-08  8.0844e-08  8.1001e-08
  8.1175e-08  8.1364e-08  8.1561e-08  8.1767e-08  8.1978e-08  8.2199e-08
  8.2432e-08  8.2691e-08  8.2985e-08  8.3332e-08  8.3744e-08  8.4235e-08
  8.4824e-08  8.5530e-08  8.6389e-08  8.7423e-08  8.8657e-08  9.0100e-08
  9.1763e-08  9.3655e-08  9.5788e-08  9.8194e-08  1.0091e-07  1.0397e-07
  1.0737e-07  1.1107e-07  1.1495e-07  1.1877e-07  1.2213e-07  1.2461e-07
  1.2574e-07  1.2492e-07  1.2145e-07  1.1457e-07  1.0384e-07  9.0059e-08
  8.0627e-08  9.9557e-08  1.8110e-07  3.3244e-07  5.1476e-07  6.9222e-07
  8.5732e-07  1.0268e-06  1.1941e-06  1.3903e-06  1.6836e-06  2.2495e-06
  3.7682e-06  8.6146e-06  2.4330e-05  6.6422e-05  2.4384e-04  6.5487e-04
  1.2833e-03
# NH3 profile (VMR-PPMV) for lat 75 degrees, month 07:
  8.1272e-08  8.1272e-08  8.1272e-08  8.1272e-08  8.1272e-08  8.1272e-08
  8.1272e-08  8.1272e-08  8.1272e-08  8.1272e-08  8.1272e-08  8.1272e-08
  8.1272e-08  8.1272e-08  8.1272e-08  8.1272e-08  8.1272e-08  8.1272e-08
  8.1272e-08  8.1272e-08  8.1272e-08  8.1272e-08  8.1272e-08  8.1272e-08
  8.1272e-08  8.1272e-08  8.1272e-08  8.1272e-08  8.1272e-08  8.1272e-08
  8.1272e-08  8.1272e-08  8.1272e-08  8.1272e-08  8.1272e-08  8.1272e-08
  8.1272e-08  8.1272e-08  8.1272e-08  8.1272e-08  8.1272e-08  8.1272e-08
  8.1272e-08  8.1272e-08  8.1272e-08  8.1272e-08  8.1272e-08  8.1272e-08
  8.1272e-08  8.1272e-08  8.1272e-08  8.1272e-08  8.1272e-08  8.1272e-08
  8.1272e-08  8.1272e-08  8.1272e-08  8.1272e-08  8.1272e-08  8.1272e-08
  8.1272e-08  8.1272e-08  8.1314e-08  8.1363e-08  8.1414e-08  8.1469e-08
  8.1526e-08  8.1586e-08  8.1651e-08  8.1727e-08  8.1813e-08  8.1921e-08
  8.2058e-08  8.2240e-08  8.2463e-08  8.2727e-08  8.3026e-08  8.3367e-08
  8.3760e-08  8.4214e-08  8.4747e-08  8.5383e-08  8.6160e-08  8.7119e-08
  8.8283e-08  8.9661e-08  9.1247e-08  9.3062e-08  9.5141e-08  9.7523e-08
  1.0024e-07  1.0332e-07  1.0682e-07  1.1078e-07  1.1520e-07  1.1999e-07
  1.2475e-07  1.2870e-07  1.3079e-07  1.3019e-07  1.2651e-07  1.1998e-07
  1.1176e-07  1.0488e-07  1.0327e-07  1.0657e-07  1.0641e-07  9.2639e-08
  6.4659e-08  3.4314e-08  1.3860e-08  6.2420e-09  6.7700e-09  1.1854e-08
  2.5325e-08  6.6322e-08  2.0685e-07  5.9293e-07  2.0243e-06  5.1919e-06
  9.9439e-06
# Last line of file.
