21-JAN-2014 12:02:32.000000
# V5 INTERIM FILE generated by J.J. Remedios and H. Sembhi
# HITRAN code of the gas:
 10
# DN:
1 1 1 1 1 1
# NO2 profile (VMR-PPMV) for lat -75.0 degrees, month 04:
  2.6650e-07  2.8140e-07  2.9703e-07  3.1483e-07  3.3530e-07  3.5917e-07
  3.8657e-07  4.1763e-07  4.5360e-07  4.9407e-07  5.4137e-07  5.9550e-07
  6.5833e-07  7.2943e-07  8.1130e-07  9.0380e-07  1.0106e-06  1.1313e-06
  1.2733e-06  1.4363e-06  1.6220e-06  1.8323e-06  2.0720e-06  2.3473e-06
  2.6593e-06  3.0137e-06  3.4150e-06  3.8910e-06  4.4293e-06  5.0370e-06
  5.7073e-06  6.4480e-06  7.2810e-06  8.2173e-06  9.2690e-06  1.0438e-05
  1.1730e-05  1.3187e-05  1.4797e-05  1.6563e-05  1.8577e-05  2.0237e-05
  2.1489e-05  2.2177e-05  2.2862e-05  2.3545e-05  2.4228e-05  2.4910e-05
  2.5590e-05  2.6269e-05  2.7525e-05  3.0005e-05  3.3695e-05  3.8013e-05
  4.2290e-05  4.8183e-05  5.5816e-05  6.5176e-05  7.4603e-05  8.3501e-05
  9.1300e-05  9.7998e-05  1.0407e-04  1.1167e-04  1.2206e-04  1.3525e-04
  1.4968e-04  1.6331e-04  1.7600e-04  1.8774e-04  1.9929e-04  2.2211e-04
  2.5636e-04  3.0215e-04  3.4998e-04  4.1915e-04  5.1028e-04  6.2657e-04
  7.9737e-04  1.0224e-03  1.3017e-03  1.6087e-03  1.9449e-03  2.3016e-03
  2.6446e-03  2.9741e-03  3.2719e-03  3.5260e-03  3.7353e-03  3.8448e-03
  3.8410e-03  3.6764e-03  3.4065e-03  3.0338e-03  2.5894e-03  2.1065e-03
  1.6240e-03  1.2083e-03  8.5780e-04  6.1146e-04  4.3305e-04  3.2679e-04
  2.6703e-04  2.4354e-04  2.4571e-04  2.4492e-04  2.3302e-04  2.0066e-04
  1.6043e-04  1.1694e-04  7.7125e-05  4.5833e-05  2.6617e-05  1.7713e-05
  1.3490e-05  1.0267e-05  9.0735e-06  1.3947e-05  2.4722e-05  4.1210e-05
  5.8630e-05
# NO2 profile (VMR-PPMV) for lat -45.0 degrees, month 04:
  6.0450e-06  6.0450e-06  6.0450e-06  6.0450e-06  6.0450e-06  6.0450e-06
  6.0450e-06  6.0450e-06  6.0450e-06  6.0450e-06  6.0450e-06  6.0450e-06
  6.0450e-06  6.0450e-06  6.0450e-06  6.0450e-06  6.0450e-06  6.0450e-06
  6.0450e-06  6.0450e-06  6.1017e-06  6.3300e-06  6.8483e-06  7.6617e-06
  8.6567e-06  9.7117e-06  1.0768e-05  1.1820e-05  1.2872e-05  1.4018e-05
  1.5370e-05  1.7050e-05  1.8952e-05  2.0953e-05  2.3238e-05  2.6162e-05
  3.0058e-05  3.4605e-05  3.9456e-05  4.5617e-05  5.0896e-05  5.5295e-05
  5.7486e-05  5.9671e-05  6.1847e-05  6.4015e-05  6.6175e-05  7.0449e-05
  7.9911e-05  9.4564e-05  1.1220e-04  1.2973e-04  1.4980e-04  1.7325e-04
  2.0002e-04  2.2743e-04  2.5393e-04  2.7746e-04  2.9806e-04  3.1646e-04
  3.3333e-04  3.4664e-04  3.5639e-04  3.6403e-04  3.7000e-04  3.7334e-04
  3.7407e-04  3.7382e-04  3.7840e-04  3.8981e-04  4.0801e-04  4.2818e-04
  4.6675e-04  5.3309e-04  6.2728e-04  7.6407e-04  9.6790e-04  1.2399e-03
  1.5800e-03  2.0278e-03  2.5835e-03  3.2105e-03  3.8092e-03  4.3821e-03
  4.8858e-03  5.2199e-03  5.3805e-03  5.3531e-03  5.1470e-03  4.7412e-03
  4.1686e-03  3.5425e-03  2.8794e-03  2.2369e-03  1.6567e-03  1.1832e-03
  8.3191e-04  5.8765e-04  4.3036e-04  3.2893e-04  2.6766e-04  2.3102e-04
  2.0864e-04  1.9070e-04  1.7172e-04  1.4710e-04  1.2138e-04  9.6547e-05
  7.5838e-05  5.8774e-05  4.5372e-05  3.4713e-05  2.6504e-05  2.0394e-05
  1.5448e-05  1.1090e-05  8.2814e-06  7.5780e-06  3.4534e-04  1.3565e-03
  3.0405e-03
# NO2 profile (VMR-PPMV) for lat -10. degrees, month 04:
  9.0000e-08  9.0000e-08  9.0000e-08  9.0000e-08  9.0000e-08  9.0000e-08
  9.0000e-08  9.0000e-08  9.0000e-08  9.0000e-08  9.0000e-08  9.0000e-08
  9.0000e-08  9.0000e-08  9.0000e-08  9.0000e-08  9.0000e-08  9.0000e-08
  9.0000e-08  9.0000e-08  9.0000e-08  9.0000e-08  9.0000e-08  9.0000e-08
  9.0000e-08  9.0000e-08  9.0000e-08  9.0000e-08  9.0000e-08  9.0000e-08
  9.0000e-08  9.0000e-08  9.0000e-08  9.0000e-08  9.0230e-08  9.0897e-08
  9.2073e-08  9.3620e-08  9.5427e-08  9.6118e-08  9.5602e-08  9.3783e-08
  9.1963e-08  9.0142e-08  8.8319e-08  9.0464e-08  9.8189e-08  1.1150e-07
  1.2641e-07  1.4457e-07  1.8638e-07  2.5174e-07  3.3678e-07  4.2087e-07
  5.5034e-07  7.4614e-07  1.0078e-06  1.2868e-06  1.7535e-06  2.4419e-06
  3.3525e-06  4.3059e-06  5.8479e-06  7.9659e-06  1.0640e-05  1.5234e-05
  3.4665e-05  6.8803e-05  1.1561e-04  1.6558e-04  2.4014e-04  3.3931e-04
  4.6181e-04  6.1084e-04  7.8670e-04  9.8737e-04  1.3036e-03  1.7366e-03
  2.2874e-03  2.9265e-03  3.6590e-03  4.4855e-03  5.1492e-03  5.6414e-03
  5.9583e-03  6.0208e-03  5.8251e-03  5.2853e-03  4.6480e-03  3.8977e-03
  3.1215e-03  2.3735e-03  1.6908e-03  1.1705e-03  7.8417e-04  5.5849e-04
  4.2011e-04  3.5130e-04  3.1206e-04  2.7662e-04  2.3829e-04  1.9528e-04
  1.5310e-04  1.1782e-04  9.0826e-05  7.2611e-05  6.0314e-05  5.3028e-05
  4.8166e-05  4.4563e-05  4.1425e-05  3.8020e-05  3.4692e-05  3.1436e-05
  2.8276e-05  2.5167e-05  2.3178e-05  2.3635e-05  4.8859e-05  1.2010e-04
  2.3600e-04
# NO2 profile (VMR-PPMV) for lat 10. degrees, month 04:
  9.0000e-08  9.0000e-08  9.0000e-08  9.0000e-08  9.0000e-08  9.0000e-08
  9.0000e-08  9.0000e-08  9.0000e-08  9.0000e-08  9.0000e-08  9.0000e-08
  9.0000e-08  9.0000e-08  9.0000e-08  9.0000e-08  9.0000e-08  9.0000e-08
  9.0000e-08  9.0000e-08  9.0000e-08  9.0000e-08  9.0000e-08  9.0000e-08
  9.0000e-08  9.0000e-08  9.0000e-08  9.0000e-08  9.0000e-08  9.0000e-08
  9.0000e-08  9.0000e-08  9.0000e-08  9.0000e-08  9.0230e-08  9.0897e-08
  9.2073e-08  9.3620e-08  9.5427e-08  9.5608e-08  9.4075e-08  9.0731e-08
  8.7383e-08  8.4029e-08  8.0673e-08  8.0888e-08  8.6590e-08  9.7755e-08
  1.1080e-07  1.2655e-07  1.6209e-07  2.1727e-07  2.8885e-07  3.5959e-07
  4.6846e-07  6.3124e-07  8.4726e-07  1.0763e-06  1.4564e-06  2.0089e-06
  2.7339e-06  3.4980e-06  4.7063e-06  6.3509e-06  8.4030e-06  1.3318e-05
  3.3937e-05  7.0155e-05  1.1895e-04  1.7227e-04  2.4554e-04  3.3884e-04
  4.5306e-04  5.9179e-04  7.5545e-04  9.5897e-04  1.2669e-03  1.6800e-03
  2.2039e-03  2.8317e-03  3.5648e-03  4.3372e-03  4.9859e-03  5.5095e-03
  5.8660e-03  5.9916e-03  5.8421e-03  5.4167e-03  4.8445e-03  4.1268e-03
  3.3550e-03  2.5786e-03  1.8818e-03  1.3218e-03  9.1154e-04  6.4611e-04
  4.8381e-04  3.9310e-04  3.3841e-04  2.9407e-04  2.4769e-04  2.0027e-04
  1.5467e-04  1.1741e-04  8.9306e-05  7.2377e-05  6.1754e-05  5.4826e-05
  4.8735e-05  4.5082e-05  4.3140e-05  4.2202e-05  4.1297e-05  4.0411e-05
  3.9553e-05  3.8710e-05  4.0923e-05  5.1959e-05  8.4362e-05  1.4764e-04
  2.3600e-04
# NO2 profile (VMR-PPMV) for lat 45 degrees, month 04:
  6.0450e-06  6.0450e-06  6.0450e-06  6.0450e-06  6.0450e-06  6.0450e-06
  6.0450e-06  6.0450e-06  6.0450e-06  6.0450e-06  6.0450e-06  6.0450e-06
  6.0450e-06  6.0450e-06  6.0450e-06  6.0450e-06  6.0450e-06  6.0450e-06
  6.0450e-06  6.0450e-06  6.1017e-06  6.3300e-06  6.8483e-06  7.6617e-06
  8.6567e-06  9.7117e-06  1.0768e-05  1.1820e-05  1.2872e-05  1.4018e-05
  1.5370e-05  1.7050e-05  1.8952e-05  2.0953e-05  2.3238e-05  2.6162e-05
  3.0058e-05  3.4605e-05  3.9456e-05  4.3544e-05  4.6873e-05  4.9432e-05
  5.1957e-05  5.4447e-05  5.6906e-05  5.9343e-05  6.1760e-05  6.5878e-05
  7.4725e-05  8.8250e-05  1.0471e-04  1.2105e-04  1.4577e-04  1.8205e-04
  2.2982e-04  2.8056e-04  3.2698e-04  3.5616e-04  3.6817e-04  3.6716e-04
  3.6459e-04  3.5823e-04  3.4808e-04  3.3580e-04  3.2513e-04  3.1707e-04
  3.1155e-04  3.0709e-04  3.0755e-04  3.1570e-04  3.3149e-04  3.4999e-04
  3.8389e-04  4.4572e-04  5.3552e-04  6.6926e-04  8.7674e-04  1.1597e-03
  1.5227e-03  1.9898e-03  2.5609e-03  3.1689e-03  3.7019e-03  4.1601e-03
  4.5355e-03  4.8291e-03  5.0404e-03  5.1446e-03  5.0790e-03  4.8232e-03
  4.3974e-03  3.8991e-03  3.3250e-03  2.7292e-03  2.1530e-03  1.6395e-03
  1.2342e-03  9.1814e-04  7.0489e-04  5.5878e-04  4.8057e-04  4.4894e-04
  4.5012e-04  4.6191e-04  4.6134e-04  4.3330e-04  3.8570e-04  3.2882e-04
  2.7327e-04  2.2229e-04  1.7974e-04  1.4460e-04  1.1624e-04  9.2364e-05
  7.1703e-05  5.2844e-05  4.4720e-05  6.6884e-05  4.2781e-04  1.4256e-03
  3.0405e-03
# NO2 profile (VMR-PPMV) for lat 75 degrees, month 04:
  1.6000e-02  1.6000e-02  1.6000e-02  1.6000e-02  1.6000e-02  1.6000e-02
  1.6000e-02  1.6000e-02  1.6000e-02  1.6000e-02  1.6000e-02  1.6000e-02
  1.6000e-02  1.6000e-02  1.6000e-02  1.6000e-02  1.6000e-02  1.6000e-02
  1.6000e-02  1.6097e-02  1.6330e-02  1.6733e-02  1.7243e-02  1.7860e-02
  1.8597e-02  1.9480e-02  2.0533e-02  2.1827e-02  2.3243e-02  2.4803e-02
  2.6513e-02  2.8500e-02  3.0827e-02  3.3523e-02  3.6650e-02  4.0273e-02
  4.4487e-02  4.8660e-02  5.2570e-02  5.3055e-02  5.0673e-02  4.5455e-02
  4.0341e-02  3.5301e-02  3.0328e-02  2.5418e-02  2.0569e-02  1.5782e-02
  1.1053e-02  6.4907e-03  3.4376e-03  1.8772e-03  1.6726e-03  1.4697e-03
  1.2817e-03  1.1179e-03  9.7805e-04  8.4846e-04  7.2824e-04  6.3092e-04
  5.5648e-04  4.9639e-04  4.4207e-04  3.9579e-04  3.5761e-04  3.2224e-04
  2.9402e-04  2.7404e-04  2.6227e-04  2.5178e-04  2.5324e-04  2.6886e-04
  2.9863e-04  3.3072e-04  4.0152e-04  5.2629e-04  7.0545e-04  9.4811e-04
  1.2703e-03  1.6740e-03  2.0971e-03  2.4990e-03  2.8779e-03  3.2204e-03
  3.5217e-03  3.7825e-03  3.9856e-03  4.1319e-03  4.2203e-03  4.1762e-03
  3.9754e-03  3.6265e-03  3.2538e-03  2.8890e-03  2.5192e-03  2.1586e-03
  1.8330e-03  1.5497e-03  1.2974e-03  1.0580e-03  8.3564e-04  6.5008e-04
  5.2076e-04  4.6460e-04  4.7724e-04  5.3796e-04  6.0897e-04  6.3550e-04
  6.0110e-04  4.9589e-04  3.6418e-04  2.3659e-04  1.5130e-04  9.8839e-05
  6.7988e-05  3.9234e-05  2.1624e-05  1.2947e-05  2.6873e-05  6.0639e-05
  1.1270e-04
# NO2 profile (VMR-PPMV) for lat -75.0 degrees, month 04:
  2.6650e-07  2.8140e-07  2.9703e-07  3.1483e-07  3.3530e-07  3.5917e-07
  3.8657e-07  4.1763e-07  4.5360e-07  4.9407e-07  5.4137e-07  5.9550e-07
  6.5833e-07  7.2943e-07  8.1130e-07  9.0380e-07  1.0106e-06  1.1313e-06
  1.2733e-06  1.4363e-06  1.6220e-06  1.8323e-06  2.0720e-06  2.3473e-06
  2.6593e-06  3.0137e-06  3.4150e-06  3.8910e-06  4.4293e-06  5.0370e-06
  5.7073e-06  6.4480e-06  7.2810e-06  8.2173e-06  9.2690e-06  1.0438e-05
  1.1730e-05  1.3187e-05  1.4797e-05  1.6563e-05  1.8577e-05  2.5316e-05
  3.6705e-05  5.2569e-05  6.8378e-05  8.4158e-05  9.9921e-05  1.1565e-04
  1.3135e-04  1.5004e-04  1.7767e-04  2.1419e-04  2.5642e-04  3.0120e-04
  4.5407e-04  7.1487e-04  1.0805e-03  1.4441e-03  1.7856e-03  2.0944e-03
  2.3717e-03  2.6372e-03  2.8582e-03  3.0316e-03  3.1584e-03  3.2629e-03
  3.3295e-03  3.3583e-03  3.3682e-03  3.4399e-03  3.5862e-03  3.8069e-03
  4.0413e-03  4.2752e-03  4.5094e-03  4.7450e-03  4.9988e-03  5.2707e-03
  5.5617e-03  5.8547e-03  6.1508e-03  6.4425e-03  6.7192e-03  6.9810e-03
  7.2129e-03  7.3792e-03  7.4789e-03  7.4968e-03  7.3282e-03  6.9618e-03
  6.3107e-03  5.5211e-03  4.5493e-03  3.5134e-03  2.5333e-03  1.6792e-03
  1.0907e-03  6.8793e-04  4.8228e-04  3.4914e-04  2.6033e-04  1.9100e-04
  1.3191e-04  8.6924e-05  5.7278e-05  4.2451e-05  3.2649e-05  2.5380e-05
  1.9597e-05  1.5129e-05  1.2567e-05  1.1518e-05  1.1677e-05  1.1943e-05
  1.1680e-05  1.0448e-05  9.4715e-06  1.3947e-05  2.4722e-05  4.1210e-05
  5.8630e-05
# NO2 profile (VMR-PPMV) for lat -45.0 degrees, month 04:
  6.0450e-06  6.0450e-06  6.0450e-06  6.0450e-06  6.0450e-06  6.0450e-06
  6.0450e-06  6.0450e-06  6.0450e-06  6.0450e-06  6.0450e-06  6.0450e-06
  6.0450e-06  6.0450e-06  6.0450e-06  6.0450e-06  6.0450e-06  6.0450e-06
  6.0450e-06  6.0450e-06  6.1017e-06  6.3300e-06  6.8483e-06  7.6617e-06
  8.6567e-06  9.7117e-06  1.0768e-05  1.1820e-05  1.2872e-05  1.4018e-05
  1.5370e-05  1.7050e-05  1.8952e-05  2.0953e-05  2.3238e-05  2.6162e-05
  3.0058e-05  3.4605e-05  3.9456e-05  4.5617e-05  5.7394e-05  7.4789e-05
  9.6432e-05  1.1802e-04  1.3951e-04  1.6093e-04  1.8227e-04  2.1573e-04
  2.6760e-04  3.3790e-04  4.1408e-04  4.9026e-04  5.9035e-04  7.1431e-04
  8.6132e-04  1.0072e-03  1.1627e-03  1.3370e-03  1.5301e-03  1.7312e-03
  1.9725e-03  2.2805e-03  2.6538e-03  3.0509e-03  3.5506e-03  4.1665e-03
  4.8968e-03  5.6350e-03  6.3554e-03  7.0599e-03  7.7486e-03  8.4346e-03
  9.1143e-03  9.7902e-03  1.0463e-02  1.1122e-02  1.1766e-02  1.2398e-02
  1.2986e-02  1.3522e-02  1.4004e-02  1.4432e-02  1.4795e-02  1.5095e-02
  1.5031e-02  1.4545e-02  1.3628e-02  1.2501e-02  1.1226e-02  9.7765e-03
  8.2878e-03  6.7978e-03  5.3651e-03  4.0957e-03  3.0018e-03  2.1974e-03
  1.5834e-03  1.2053e-03  9.5271e-04  8.3445e-04  8.0263e-04  8.3585e-04
  9.1247e-04  9.6092e-04  9.5026e-04  8.5220e-04  7.1327e-04  5.5747e-04
  4.2741e-04  3.2261e-04  2.4563e-04  1.8593e-04  1.3939e-04  1.0201e-04
  6.8634e-05  3.7463e-05  1.7053e-05  7.5780e-06  3.4534e-04  1.3565e-03
  3.0405e-03
# NO2 profile (VMR-PPMV) for lat -10. degrees, month 04:
  9.0000e-08  9.0000e-08  9.0000e-08  9.0000e-08  9.0000e-08  9.0000e-08
  9.0000e-08  9.0000e-08  9.0000e-08  9.0000e-08  9.0000e-08  9.0000e-08
  9.0000e-08  9.0000e-08  9.0000e-08  9.0000e-08  9.0000e-08  9.0000e-08
  9.0000e-08  9.0000e-08  9.0000e-08  9.0000e-08  9.0000e-08  9.0000e-08
  9.0000e-08  9.0000e-08  9.0000e-08  9.0000e-08  9.0000e-08  9.0000e-08
  9.0000e-08  9.0000e-08  9.0000e-08  9.0000e-08  9.0230e-08  9.0897e-08
  9.2073e-08  9.3620e-08  9.5427e-08  2.7672e-07  6.3789e-07  1.1788e-06
  1.7202e-06  2.2615e-06  2.8530e-06  3.6091e-06  4.5282e-06  5.5601e-06
  6.5899e-06  2.7060e-05  7.7278e-05  1.5715e-04  2.4659e-04  3.3575e-04
  4.2898e-04  5.2657e-04  6.2782e-04  7.3963e-04  8.9882e-04  1.1040e-03
  1.3434e-03  1.6391e-03  2.0381e-03  2.5378e-03  3.0782e-03  3.7528e-03
  4.5944e-03  5.6018e-03  6.6341e-03  7.6254e-03  8.5714e-03  9.4736e-03
  1.0443e-02  1.1515e-02  1.2692e-02  1.3832e-02  1.4859e-02  1.5772e-02
  1.6517e-02  1.6954e-02  1.7078e-02  1.6915e-02  1.6394e-02  1.5512e-02
  1.4276e-02  1.2800e-02  1.1098e-02  9.2794e-03  7.5744e-03  6.0082e-03
  4.6473e-03  3.4362e-03  2.4748e-03  1.7127e-03  1.2222e-03  8.9897e-04
  7.3308e-04  6.3363e-04  5.6437e-04  4.9650e-04  4.1699e-04  3.3270e-04
  2.5288e-04  1.9176e-04  1.5022e-04  1.2527e-04  1.0687e-04  9.4052e-05
  8.4804e-05  7.7077e-05  6.9106e-05  6.0741e-05  5.2663e-05  4.4760e-05
  3.7089e-05  2.9543e-05  2.4633e-05  2.3635e-05  4.8859e-05  1.2010e-04
  2.3600e-04
# NO2 profile (VMR-PPMV) for lat 10. degrees, month 04:
  9.0000e-08  9.0000e-08  9.0000e-08  9.0000e-08  9.0000e-08  9.0000e-08
  9.0000e-08  9.0000e-08  9.0000e-08  9.0000e-08  9.0000e-08  9.0000e-08
  9.0000e-08  9.0000e-08  9.0000e-08  9.0000e-08  9.0000e-08  9.0000e-08
  9.0000e-08  9.0000e-08  9.0000e-08  9.0000e-08  9.0000e-08  9.0000e-08
  9.0000e-08  9.0000e-08  9.0000e-08  9.0000e-08  9.0000e-08  9.0000e-08
  9.0000e-08  9.0000e-08  9.0000e-08  9.0000e-08  9.0230e-08  9.0897e-08
  9.2073e-08  9.3620e-08  9.5427e-08  3.0590e-07  7.2497e-07  1.3525e-06
  1.9806e-06  2.6099e-06  3.2395e-06  4.1212e-06  5.2685e-06  6.6802e-06
  8.1024e-06  1.0314e-05  1.5300e-05  2.3044e-05  3.2682e-05  4.2209e-05
  6.2150e-05  9.6228e-05  1.4428e-04  1.9548e-04  3.4716e-04  6.1699e-04
  1.0046e-03  1.4141e-03  1.8648e-03  2.3552e-03  2.8779e-03  3.4708e-03
  4.2556e-03  5.2320e-03  6.3222e-03  7.3463e-03  8.2185e-03  8.9415e-03
  9.6496e-03  1.0629e-02  1.1882e-02  1.3303e-02  1.4467e-02  1.5372e-02
  1.6049e-02  1.6456e-02  1.6590e-02  1.6451e-02  1.6086e-02  1.5476e-02
  1.4615e-02  1.3465e-02  1.2035e-02  1.0355e-02  8.6989e-03  7.1274e-03
  5.6498e-03  4.3434e-03  3.2198e-03  2.3565e-03  1.7289e-03  1.3394e-03
  1.1311e-03  1.0414e-03  9.9236e-04  9.0479e-04  7.6046e-04  5.8577e-04
  4.2254e-04  3.1409e-04  2.4847e-04  2.1780e-04  1.9382e-04  1.7390e-04
  1.5277e-04  1.3511e-04  1.1964e-04  1.0507e-04  9.0997e-05  7.7236e-05
  6.3896e-05  5.0792e-05  4.4940e-05  5.1959e-05  8.4362e-05  1.4764e-04
  2.3600e-04
# NO2 profile (VMR-PPMV) for lat 45 degrees, month 04:
  6.0450e-06  6.0450e-06  6.0450e-06  6.0450e-06  6.0450e-06  6.0450e-06
  6.0450e-06  6.0450e-06  6.0450e-06  6.0450e-06  6.0450e-06  6.0450e-06
  6.0450e-06  6.0450e-06  6.0450e-06  6.0450e-06  6.0450e-06  6.0450e-06
  6.0450e-06  6.0450e-06  6.1017e-06  6.3300e-06  6.8483e-06  7.6617e-06
  8.6567e-06  9.7117e-06  1.0768e-05  1.1820e-05  1.2872e-05  1.4018e-05
  1.5370e-05  1.7050e-05  1.8952e-05  2.0953e-05  2.3238e-05  2.6162e-05
  3.0058e-05  3.4605e-05  3.9456e-05  5.4259e-05  7.8934e-05  1.1330e-04
  1.4722e-04  1.8067e-04  2.1370e-04  2.4643e-04  2.7890e-04  3.5015e-04
  4.8866e-04  6.9374e-04  9.2601e-04  1.1566e-03  1.3246e-03  1.4239e-03
  1.4549e-03  1.4790e-03  1.5124e-03  1.5741e-03  1.6639e-03  1.7722e-03
  1.9080e-03  2.1054e-03  2.3646e-03  2.6555e-03  3.0087e-03  3.4501e-03
  3.9811e-03  4.5349e-03  5.0814e-03  5.6179e-03  6.1463e-03  6.6698e-03
  7.2534e-03  7.9430e-03  8.7398e-03  9.5810e-03  1.0421e-02  1.1263e-02
  1.2041e-02  1.2554e-02  1.2800e-02  1.2816e-02  1.2710e-02  1.2481e-02
  1.2157e-02  1.1830e-02  1.1500e-02  1.1133e-02  1.0512e-02  9.6316e-03
  8.4986e-03  7.3220e-03  6.0887e-03  4.8538e-03  3.7221e-03  2.7520e-03
  2.0259e-03  1.4715e-03  1.1041e-03  8.4408e-04  6.9090e-04  6.1587e-04
  6.1060e-04  6.3331e-04  6.4649e-04  6.1103e-04  5.4313e-04  4.5378e-04
  3.6732e-04  2.8900e-04  2.2631e-04  1.7826e-04  1.4488e-04  1.1759e-04
  9.1492e-05  6.2646e-05  4.7980e-05  6.6884e-05  4.2781e-04  1.4256e-03
  3.0405e-03
# NO2 profile (VMR-PPMV) for lat 75 degrees, month 04:
  1.6000e-02  1.6000e-02  1.6000e-02  1.6000e-02  1.6000e-02  1.6000e-02
  1.6000e-02  1.6000e-02  1.6000e-02  1.6000e-02  1.6000e-02  1.6000e-02
  1.6000e-02  1.6000e-02  1.6000e-02  1.6000e-02  1.6000e-02  1.6000e-02
  1.6000e-02  1.6097e-02  1.6330e-02  1.6733e-02  1.7243e-02  1.7860e-02
  1.8597e-02  1.9480e-02  2.0533e-02  2.1827e-02  2.3243e-02  2.4803e-02
  2.6513e-02  2.8500e-02  3.0827e-02  3.3523e-02  3.6650e-02  4.0273e-02
  4.4487e-02  4.8660e-02  5.2570e-02  5.2703e-02  4.9627e-02  4.3378e-02
  3.7254e-02  3.1220e-02  2.5265e-02  1.9385e-02  1.3579e-02  8.6878e-03
  5.5928e-03  4.2603e-03  3.8352e-03  3.4144e-03  3.0532e-03  2.7516e-03
  2.5073e-03  2.2644e-03  2.0629e-03  1.9272e-03  1.8570e-03  1.8114e-03
  1.7994e-03  1.8289e-03  1.8992e-03  1.9769e-03  2.0953e-03  2.2573e-03
  2.4622e-03  2.6682e-03  2.9016e-03  3.1693e-03  3.4718e-03  3.7803e-03
  4.1392e-03  4.6212e-03  5.2281e-03  5.9109e-03  6.6454e-03  7.4322e-03
  8.2715e-03  8.9717e-03  9.4472e-03  9.6971e-03  9.8244e-03  9.8560e-03
  9.7906e-03  9.6408e-03  9.4015e-03  9.0718e-03  8.6252e-03  7.9163e-03
  6.9481e-03  5.7950e-03  4.6684e-03  3.6461e-03  2.7079e-03  1.9793e-03
  1.3830e-03  9.9277e-04  6.8770e-04  4.9547e-04  3.5512e-04  2.7231e-04
  2.2764e-04  2.1087e-04  2.0820e-04  2.0479e-04  1.9722e-04  1.8543e-04
  1.6789e-04  1.4012e-04  1.0677e-04  7.5740e-05  5.4071e-05  3.8785e-05
  2.7821e-05  1.8998e-05  1.3508e-05  1.2947e-05  2.6873e-05  6.0639e-05
  1.1270e-04
# Last line of file.
