21-JAN-2014 12:02:32.000000
# V5 INTERIM FILE generated by J.J. Remedios and H. Sembhi
# HITRAN code of the gas:
  4
# DN:
1 1 1 1 1 1
# N2O profile (VMR-PPMV) for lat -75.0 degrees, month 04:
  5.5170e-08  5.8990e-08  6.3027e-08  6.7683e-08  7.3117e-08  7.9543e-08
  8.7037e-08  9.5663e-08  1.0584e-07  1.1753e-07  1.3147e-07  1.4773e-07
  1.6703e-07  1.8940e-07  2.1577e-07  2.4623e-07  2.8227e-07  3.2410e-07
  3.7460e-07  4.3423e-07  5.0387e-07  5.8500e-07  6.7997e-07  7.9213e-07
  9.2293e-07  1.0756e-06  1.2537e-06  1.4710e-06  1.7240e-06  2.0173e-06
  2.3507e-06  2.7290e-06  3.1663e-06  3.6720e-06  4.2557e-06  4.9220e-06
  5.6783e-06  6.5520e-06  7.5437e-06  8.6590e-06  9.9657e-06  1.2578e-05
  1.6444e-05  2.1446e-05  2.6431e-05  3.1406e-05  3.6375e-05  4.1335e-05
  4.6286e-05  5.1228e-05  5.5893e-05  5.9981e-05  6.3478e-05  6.6658e-05
  6.9808e-05  7.3288e-05  7.7123e-05  8.1314e-05  8.5505e-05  8.9628e-05
  9.3645e-05  9.7551e-05  1.0139e-04  1.0600e-04  1.1204e-04  1.1950e-04
  1.2758e-04  1.3812e-04  1.5150e-04  1.6768e-04  1.8420e-04  2.0403e-04
  2.2730e-04  2.5406e-04  2.8238e-04  3.2782e-04  3.9083e-04  4.7405e-04
  6.0126e-04  7.7231e-04  1.0031e-03  1.3552e-03  1.8314e-03  2.5635e-03
  3.8023e-03  5.5588e-03  8.6414e-03  1.3726e-02  2.0834e-02  3.0265e-02
  4.1609e-02  5.5829e-02  7.2103e-02  8.8177e-02  1.0230e-01  1.1561e-01
  1.3017e-01  1.4584e-01  1.6085e-01  1.6967e-01  1.7607e-01  1.8465e-01
  2.0583e-01  2.3223e-01  2.5341e-01  2.6510e-01  2.7316e-01  2.8679e-01
  2.9834e-01  3.0363e-01  2.9912e-01  2.9710e-01  3.0465e-01  3.2452e-01
  3.4015e-01  3.3842e-01  3.2709e-01  3.1700e-01  3.1700e-01  3.1700e-01
  3.1700e-01
# N2O profile (VMR-PPMV) for lat -45.0 degrees, month 04:
  1.8170e-04  1.8617e-04  1.9077e-04  1.9590e-04  2.0133e-04  2.0727e-04
  2.1310e-04  2.1897e-04  2.2513e-04  2.3170e-04  2.3887e-04  2.4607e-04
  2.5333e-04  2.6080e-04  2.6867e-04  2.7733e-04  2.8643e-04  2.9603e-04
  3.0600e-04  3.1627e-04  3.2703e-04  3.3823e-04  3.5013e-04  3.6257e-04
  3.7553e-04  3.8937e-04  4.0417e-04  4.1973e-04  4.3577e-04  4.5237e-04
  4.6977e-04  4.8850e-04  5.0807e-04  5.2843e-04  5.4913e-04  5.7110e-04
  5.9480e-04  6.2000e-04  6.4597e-04  6.7280e-04  6.9029e-04  6.9836e-04
  6.9633e-04  6.9430e-04  6.9228e-04  6.9026e-04  6.8826e-04  6.9103e-04
  7.0546e-04  7.3157e-04  7.6441e-04  7.9706e-04  8.3319e-04  8.7401e-04
  9.1941e-04  9.6564e-04  1.0137e-03  1.0687e-03  1.1307e-03  1.1974e-03
  1.2688e-03  1.3523e-03  1.4477e-03  1.5498e-03  1.6653e-03  1.8035e-03
  1.9642e-03  2.1330e-03  2.3694e-03  2.7028e-03  3.1319e-03  3.5888e-03
  4.2144e-03  5.0958e-03  6.2337e-03  7.6982e-03  9.6475e-03  1.2091e-02
  1.4924e-02  1.8198e-02  2.1910e-02  2.6106e-02  3.1041e-02  3.6750e-02
  4.3288e-02  5.0720e-02  5.9024e-02  6.8257e-02  7.8402e-02  8.9868e-02
  1.0296e-01  1.1658e-01  1.2950e-01  1.4185e-01  1.5508e-01  1.6967e-01
  1.8459e-01  1.9707e-01  2.0648e-01  2.1659e-01  2.3260e-01  2.5581e-01
  2.7937e-01  2.9520e-01  3.0228e-01  3.0538e-01  3.0881e-01  3.1293e-01
  3.1276e-01  3.1133e-01  3.1169e-01  3.2363e-01  3.3780e-01  3.4521e-01
  3.3977e-01  3.2829e-01  3.2075e-01  3.1700e-01  3.1700e-01  3.1700e-01
  3.1700e-01
# N2O profile (VMR-PPMV) for lat -10. degrees, month 04:
  1.8300e-04  1.8763e-04  1.9257e-04  1.9793e-04  2.0370e-04  2.0963e-04
  2.1570e-04  2.2207e-04  2.2890e-04  2.3637e-04  2.4423e-04  2.5217e-04
  2.6030e-04  2.6870e-04  2.7783e-04  2.8723e-04  2.9697e-04  3.0700e-04
  3.1737e-04  3.2830e-04  3.3957e-04  3.5147e-04  3.6363e-04  3.7620e-04
  3.8943e-04  4.0353e-04  4.1837e-04  4.3357e-04  4.4923e-04  4.6567e-04
  4.8330e-04  5.0200e-04  5.2147e-04  5.4140e-04  5.6220e-04  5.8440e-04
  6.0810e-04  6.3290e-04  6.5853e-04  6.7196e-04  6.7296e-04  6.6131e-04
  6.4965e-04  6.3800e-04  6.2632e-04  6.2375e-04  6.3400e-04  6.5710e-04
  6.8389e-04  7.1106e-04  7.4152e-04  7.7525e-04  8.1160e-04  8.4755e-04
  8.8641e-04  9.2987e-04  9.7789e-04  1.0268e-03  1.0796e-03  1.1369e-03
  1.1990e-03  1.2613e-03  1.3306e-03  1.4065e-03  1.4888e-03  1.5825e-03
  1.7693e-03  2.0484e-03  2.4069e-03  2.8256e-03  3.6907e-03  5.0016e-03
  6.7699e-03  9.4573e-03  1.3070e-02  1.7537e-02  2.3148e-02  2.9918e-02
  3.7860e-02  4.6951e-02  5.7254e-02  6.8784e-02  8.2334e-02  9.7892e-02
  1.1551e-01  1.3280e-01  1.4986e-01  1.6717e-01  1.8522e-01  2.0083e-01
  2.1356e-01  2.2570e-01  2.4033e-01  2.5771e-01  2.7317e-01  2.8215e-01
  2.8350e-01  2.8216e-01  2.8443e-01  2.9045e-01  2.9761e-01  3.0376e-01
  3.0883e-01  3.1436e-01  3.2092e-01  3.2662e-01  3.2962e-01  3.3071e-01
  3.3584e-01  3.4019e-01  3.4210e-01  3.3820e-01  3.3377e-01  3.2943e-01
  3.2522e-01  3.2108e-01  3.1836e-01  3.1700e-01  3.1700e-01  3.1700e-01
  3.1700e-01
# N2O profile (VMR-PPMV) for lat 10. degrees, month 04:
  1.8300e-04  1.8763e-04  1.9257e-04  1.9793e-04  2.0370e-04  2.0963e-04
  2.1570e-04  2.2207e-04  2.2890e-04  2.3637e-04  2.4423e-04  2.5217e-04
  2.6030e-04  2.6870e-04  2.7783e-04  2.8723e-04  2.9697e-04  3.0700e-04
  3.1737e-04  3.2830e-04  3.3957e-04  3.5147e-04  3.6363e-04  3.7620e-04
  3.8943e-04  4.0353e-04  4.1837e-04  4.3357e-04  4.4923e-04  4.6567e-04
  4.8330e-04  5.0200e-04  5.2147e-04  5.4140e-04  5.6220e-04  5.8440e-04
  6.0810e-04  6.3290e-04  6.5853e-04  6.6872e-04  6.6327e-04  6.4194e-04
  6.2059e-04  5.9920e-04  5.7780e-04  5.6619e-04  5.6964e-04  5.8807e-04
  6.1167e-04  6.3550e-04  6.6183e-04  6.9061e-04  7.2135e-04  7.5174e-04
  7.8473e-04  8.2165e-04  8.6242e-04  9.0385e-04  9.5065e-04  1.0035e-03
  1.0626e-03  1.1224e-03  1.1926e-03  1.2729e-03  1.3628e-03  1.4691e-03
  1.6704e-03  1.9662e-03  2.3382e-03  2.7939e-03  3.6060e-03  4.7746e-03
  6.3149e-03  8.2903e-03  1.0707e-02  1.3766e-02  1.8351e-02  2.4474e-02
  3.2021e-02  4.0299e-02  4.9322e-02  5.9402e-02  7.1120e-02  8.4481e-02
  9.9079e-02  1.1383e-01  1.2953e-01  1.4760e-01  1.6715e-01  1.8498e-01
  2.0010e-01  2.1443e-01  2.3058e-01  2.4857e-01  2.6370e-01  2.7275e-01
  2.7428e-01  2.7632e-01  2.8268e-01  2.9388e-01  3.0392e-01  3.1603e-01
  3.3131e-01  3.4048e-01  3.4258e-01  3.3983e-01  3.3570e-01  3.3427e-01
  3.3354e-01  3.3691e-01  3.3726e-01  3.3365e-01  3.3016e-01  3.2675e-01
  3.2345e-01  3.2020e-01  3.1806e-01  3.1700e-01  3.1700e-01  3.1700e-01
  3.1700e-01
# N2O profile (VMR-PPMV) for lat 45 degrees, month 04:
  1.8170e-04  1.8617e-04  1.9077e-04  1.9590e-04  2.0133e-04  2.0727e-04
  2.1310e-04  2.1897e-04  2.2513e-04  2.3170e-04  2.3887e-04  2.4607e-04
  2.5333e-04  2.6080e-04  2.6867e-04  2.7733e-04  2.8643e-04  2.9603e-04
  3.0600e-04  3.1627e-04  3.2703e-04  3.3823e-04  3.5013e-04  3.6257e-04
  3.7553e-04  3.8937e-04  4.0417e-04  4.1973e-04  4.3577e-04  4.5237e-04
  4.6977e-04  4.8850e-04  5.0807e-04  5.2843e-04  5.4913e-04  5.7110e-04
  5.9480e-04  6.2000e-04  6.4597e-04  6.5743e-04  6.5434e-04  6.3672e-04
  6.1934e-04  6.0219e-04  5.8526e-04  5.6848e-04  5.5184e-04  5.3992e-04
  5.4074e-04  5.5421e-04  5.7561e-04  5.9686e-04  6.2024e-04  6.4661e-04
  6.7596e-04  7.0603e-04  7.3708e-04  7.7299e-04  8.1371e-04  8.5802e-04
  9.0571e-04  9.6180e-04  1.0263e-03  1.0952e-03  1.1772e-03  1.2806e-03
  1.4058e-03  1.5386e-03  1.7292e-03  2.0099e-03  2.3810e-03  2.7833e-03
  3.2686e-03  3.9061e-03  4.6966e-03  5.7561e-03  7.2861e-03  9.2984e-03
  1.1772e-02  1.4765e-02  1.8277e-02  2.1964e-02  2.5256e-02  2.8153e-02
  3.1638e-02  3.6871e-02  4.3900e-02  5.2260e-02  6.1688e-02  7.2903e-02
  8.7307e-02  1.0409e-01  1.2194e-01  1.3865e-01  1.5318e-01  1.6624e-01
  1.7878e-01  1.9143e-01  2.0241e-01  2.1396e-01  2.2900e-01  2.5187e-01
  2.7487e-01  2.9297e-01  3.0076e-01  3.0385e-01  3.0492e-01  3.0628e-01
  3.0614e-01  3.0407e-01  3.0546e-01  3.1600e-01  3.3766e-01  3.5010e-01
  3.4899e-01  3.3285e-01  3.2227e-01  3.1700e-01  3.1700e-01  3.1700e-01
  3.1700e-01
# N2O profile (VMR-PPMV) for lat 75 degrees, month 04:
  1.8920e-04  1.9430e-04  1.9973e-04  2.0520e-04  2.1100e-04  2.1680e-04
  2.2293e-04  2.2940e-04  2.3590e-04  2.4270e-04  2.4987e-04  2.5733e-04
  2.6517e-04  2.7300e-04  2.8153e-04  2.9040e-04  2.9960e-04  3.0913e-04
  3.1903e-04  3.2927e-04  3.3780e-04  3.4427e-04  3.4903e-04  3.5380e-04
  3.5857e-04  3.6333e-04  3.6810e-04  3.7323e-04  3.7837e-04  3.8350e-04
  3.8893e-04  3.9473e-04  4.0087e-04  4.0700e-04  4.1313e-04  4.2063e-04
  4.2917e-04  4.3903e-04  4.4927e-04  4.5194e-04  4.4687e-04  4.3375e-04
  4.2088e-04  4.0821e-04  3.9570e-04  3.8334e-04  3.7115e-04  3.5910e-04
  3.4721e-04  3.3600e-04  3.3169e-04  3.3420e-04  3.4291e-04  3.5155e-04
  3.6143e-04  3.7341e-04  3.8748e-04  4.0232e-04  4.1715e-04  4.3224e-04
  4.4754e-04  4.6296e-04  4.8271e-04  5.0922e-04  5.4238e-04  5.7769e-04
  6.2590e-04  6.8928e-04  7.6755e-04  8.4755e-04  9.7868e-04  1.1710e-03
  1.4246e-03  1.6885e-03  2.0369e-03  2.5030e-03  3.0879e-03  3.8747e-03
  4.9393e-03  6.2887e-03  7.8893e-03  9.7449e-03  1.1851e-02  1.4447e-02
  1.7597e-02  2.1320e-02  2.6451e-02  3.3180e-02  4.1512e-02  5.1038e-02
  6.1652e-02  7.4678e-02  9.0017e-02  1.0643e-01  1.2185e-01  1.3551e-01
  1.4828e-01  1.6033e-01  1.7055e-01  1.7902e-01  1.8629e-01  1.9704e-01
  2.1312e-01  2.3566e-01  2.5298e-01  2.6285e-01  2.6872e-01  2.7770e-01
  2.8954e-01  2.9645e-01  3.0096e-01  3.0545e-01  3.1481e-01  3.2829e-01
  3.4515e-01  3.4162e-01  3.3258e-01  3.1700e-01  3.1700e-01  3.1700e-01
  3.1700e-01
# N2O profile (VMR-PPMV) for lat -75.0 degrees, month 04:
  5.5170e-08  5.8990e-08  6.3027e-08  6.7683e-08  7.3117e-08  7.9543e-08
  8.7037e-08  9.5663e-08  1.0584e-07  1.1753e-07  1.3147e-07  1.4773e-07
  1.6703e-07  1.8940e-07  2.1577e-07  2.4623e-07  2.8227e-07  3.2410e-07
  3.7460e-07  4.3423e-07  5.0387e-07  5.8500e-07  6.7997e-07  7.9213e-07
  9.2293e-07  1.0756e-06  1.2537e-06  1.4710e-06  1.7240e-06  2.0173e-06
  2.3507e-06  2.7290e-06  3.1663e-06  3.6720e-06  4.2557e-06  4.9220e-06
  5.6783e-06  6.5520e-06  7.5437e-06  8.6590e-06  9.9657e-06  1.4193e-05
  2.1283e-05  3.1110e-05  4.0904e-05  5.0679e-05  6.0444e-05  7.0189e-05
  7.9916e-05  8.9073e-05  9.6554e-05  1.0236e-04  1.0701e-04  1.1166e-04
  1.1697e-04  1.2297e-04  1.2963e-04  1.3625e-04  1.4334e-04  1.5117e-04
  1.5975e-04  1.6856e-04  1.7861e-04  1.8996e-04  2.0262e-04  2.1540e-04
  2.2831e-04  2.4135e-04  2.5441e-04  2.7293e-04  2.9809e-04  3.2987e-04
  3.6289e-04  4.1057e-04  4.7352e-04  5.5446e-04  6.6344e-04  8.0009e-04
  9.6795e-04  1.1615e-03  1.3814e-03  1.6419e-03  1.9637e-03  2.3482e-03
  2.8359e-03  3.5339e-03  4.4438e-03  5.6751e-03  7.8141e-03  1.1227e-02
  1.9844e-02  3.3036e-02  4.9345e-02  6.4651e-02  8.0942e-02  9.9555e-02
  1.2109e-01  1.4349e-01  1.6117e-01  1.7177e-01  1.7890e-01  1.9042e-01
  2.1131e-01  2.3462e-01  2.5641e-01  2.7160e-01  2.8314e-01  2.9219e-01
  2.9817e-01  3.0108e-01  3.0051e-01  3.0280e-01  3.1024e-01  3.2455e-01
  3.3483e-01  3.3267e-01  3.2440e-01  3.1700e-01  3.1700e-01  3.1700e-01
  3.1700e-01
# N2O profile (VMR-PPMV) for lat -45.0 degrees, month 04:
  1.8170e-04  1.8617e-04  1.9077e-04  1.9590e-04  2.0133e-04  2.0727e-04
  2.1310e-04  2.1897e-04  2.2513e-04  2.3170e-04  2.3887e-04  2.4607e-04
  2.5333e-04  2.6080e-04  2.6867e-04  2.7733e-04  2.8643e-04  2.9603e-04
  3.0600e-04  3.1627e-04  3.2703e-04  3.3823e-04  3.5013e-04  3.6257e-04
  3.7553e-04  3.8937e-04  4.0417e-04  4.1973e-04  4.3577e-04  4.5237e-04
  4.6977e-04  4.8850e-04  5.0807e-04  5.2843e-04  5.4913e-04  5.7110e-04
  5.9480e-04  6.2000e-04  6.4597e-04  6.7280e-04  6.9007e-04  6.9772e-04
  6.9504e-04  6.9237e-04  6.8971e-04  6.8707e-04  6.8443e-04  6.8991e-04
  7.0768e-04  7.3773e-04  7.7176e-04  8.0567e-04  8.4325e-04  8.8455e-04
  9.2940e-04  9.7391e-04  1.0218e-03  1.0765e-03  1.1379e-03  1.2021e-03
  1.2734e-03  1.3563e-03  1.4506e-03  1.5490e-03  1.6619e-03  1.7918e-03
  1.9380e-03  2.0930e-03  2.3257e-03  2.6363e-03  3.0164e-03  3.4217e-03
  4.0387e-03  4.8693e-03  5.8878e-03  7.3501e-03  9.2719e-03  1.1662e-02
  1.4493e-02  1.7856e-02  2.1749e-02  2.6315e-02  3.1648e-02  3.7783e-02
  4.4846e-02  5.2813e-02  6.1688e-02  7.1974e-02  8.3672e-02  9.7165e-02
  1.1104e-01  1.2440e-01  1.3730e-01  1.5173e-01  1.6812e-01  1.8476e-01
  1.9914e-01  2.0783e-01  2.1477e-01  2.2312e-01  2.4201e-01  2.6497e-01
  2.8696e-01  2.9884e-01  3.0501e-01  3.0888e-01  3.1256e-01  3.1472e-01
  3.1266e-01  3.0979e-01  3.0870e-01  3.1772e-01  3.2961e-01  3.3709e-01
  3.3386e-01  3.2536e-01  3.1978e-01  3.1700e-01  3.1700e-01  3.1700e-01
  3.1700e-01
# N2O profile (VMR-PPMV) for lat -10. degrees, month 04:
  1.8300e-04  1.8763e-04  1.9257e-04  1.9793e-04  2.0370e-04  2.0963e-04
  2.1570e-04  2.2207e-04  2.2890e-04  2.3637e-04  2.4423e-04  2.5217e-04
  2.6030e-04  2.6870e-04  2.7783e-04  2.8723e-04  2.9697e-04  3.0700e-04
  3.1737e-04  3.2830e-04  3.3957e-04  3.5147e-04  3.6363e-04  3.7620e-04
  3.8943e-04  4.0353e-04  4.1837e-04  4.3357e-04  4.4923e-04  4.6567e-04
  4.8330e-04  5.0200e-04  5.2147e-04  5.4140e-04  5.6220e-04  5.8440e-04
  6.0810e-04  6.3290e-04  6.5853e-04  6.6856e-04  6.6277e-04  6.4092e-04
  6.1905e-04  5.9718e-04  5.7986e-04  5.7780e-04  5.9096e-04  6.1478e-04
  6.3855e-04  6.6398e-04  6.9198e-04  7.2253e-04  7.5372e-04  7.8518e-04
  8.2080e-04  8.6066e-04  9.0414e-04  9.4868e-04  9.9944e-04  1.0561e-03
  1.1173e-03  1.1833e-03  1.2588e-03  1.3435e-03  1.4316e-03  1.5848e-03
  1.8182e-03  2.1311e-03  2.4571e-03  3.1266e-03  4.2040e-03  5.6889e-03
  7.9156e-03  1.1080e-02  1.5187e-02  2.0082e-02  2.5911e-02  3.2686e-02
  4.0155e-02  4.8325e-02  5.7222e-02  6.6911e-02  7.7877e-02  9.0107e-02
  1.0440e-01  1.2165e-01  1.4163e-01  1.6292e-01  1.8159e-01  1.9691e-01
  2.1104e-01  2.2692e-01  2.4588e-01  2.6624e-01  2.8077e-01  2.8806e-01
  2.8769e-01  2.8994e-01  2.9489e-01  3.0237e-01  3.0921e-01  3.1885e-01
  3.3210e-01  3.4810e-01  3.5660e-01  3.5310e-01  3.4083e-01  3.3208e-01
  3.3091e-01  3.3225e-01  3.3160e-01  3.2900e-01  3.2649e-01  3.2404e-01
  3.2165e-01  3.1931e-01  3.1777e-01  3.1700e-01  3.1700e-01  3.1700e-01
  3.1700e-01
# N2O profile (VMR-PPMV) for lat 10. degrees, month 04:
  1.8300e-04  1.8763e-04  1.9257e-04  1.9793e-04  2.0370e-04  2.0963e-04
  2.1570e-04  2.2207e-04  2.2890e-04  2.3637e-04  2.4423e-04  2.5217e-04
  2.6030e-04  2.6870e-04  2.7783e-04  2.8723e-04  2.9697e-04  3.0700e-04
  3.1737e-04  3.2830e-04  3.3957e-04  3.5147e-04  3.6363e-04  3.7620e-04
  3.8943e-04  4.0353e-04  4.1837e-04  4.3357e-04  4.4923e-04  4.6567e-04
  4.8330e-04  5.0200e-04  5.2147e-04  5.4140e-04  5.6220e-04  5.8440e-04
  6.0810e-04  6.3290e-04  6.5853e-04  6.6585e-04  6.5464e-04  6.2467e-04
  5.9468e-04  5.6463e-04  5.3457e-04  5.2039e-04  5.2303e-04  5.4240e-04
  5.6262e-04  5.8340e-04  6.0642e-04  6.3165e-04  6.5830e-04  6.8463e-04
  7.1340e-04  7.4565e-04  7.8133e-04  8.1752e-04  8.5834e-04  9.0457e-04
  9.5634e-04  1.0101e-03  1.0739e-03  1.1475e-03  1.2290e-03  1.3527e-03
  1.5865e-03  1.9298e-03  2.3385e-03  2.8952e-03  3.8266e-03  5.1327e-03
  6.8350e-03  9.1696e-03  1.2144e-02  1.5761e-02  2.0674e-02  2.6896e-02
  3.4269e-02  4.2119e-02  5.0458e-02  5.9285e-02  6.9436e-02  8.1007e-02
  9.4062e-02  1.0882e-01  1.2550e-01  1.4513e-01  1.6559e-01  1.8435e-01
  2.0065e-01  2.1583e-01  2.3218e-01  2.4957e-01  2.6436e-01  2.7345e-01
  2.7675e-01  2.7981e-01  2.8685e-01  2.9741e-01  3.0755e-01  3.1694e-01
  3.2657e-01  3.3705e-01  3.4584e-01  3.4960e-01  3.4526e-01  3.3739e-01
  3.3052e-01  3.2793e-01  3.2672e-01  3.2499e-01  3.2331e-01  3.2168e-01
  3.2009e-01  3.1854e-01  3.1751e-01  3.1700e-01  3.1700e-01  3.1700e-01
  3.1700e-01
# N2O profile (VMR-PPMV) for lat 45 degrees, month 04:
  1.8170e-04  1.8617e-04  1.9077e-04  1.9590e-04  2.0133e-04  2.0727e-04
  2.1310e-04  2.1897e-04  2.2513e-04  2.3170e-04  2.3887e-04  2.4607e-04
  2.5333e-04  2.6080e-04  2.6867e-04  2.7733e-04  2.8643e-04  2.9603e-04
  3.0600e-04  3.1627e-04  3.2703e-04  3.3823e-04  3.5013e-04  3.6257e-04
  3.7553e-04  3.8937e-04  4.0417e-04  4.1973e-04  4.3577e-04  4.5237e-04
  4.6977e-04  4.8850e-04  5.0807e-04  5.2843e-04  5.4913e-04  5.7110e-04
  5.9480e-04  6.2000e-04  6.4597e-04  6.5709e-04  6.5332e-04  6.3469e-04
  6.1631e-04  5.9818e-04  5.8028e-04  5.6254e-04  5.4494e-04  5.3497e-04
  5.3807e-04  5.5412e-04  5.7554e-04  5.9680e-04  6.2041e-04  6.4665e-04
  6.7549e-04  7.0447e-04  7.3467e-04  7.6900e-04  8.0740e-04  8.4844e-04
  8.9334e-04  9.4701e-04  1.0095e-03  1.0763e-03  1.1577e-03  1.2598e-03
  1.3830e-03  1.5115e-03  1.7056e-03  1.9863e-03  2.3539e-03  2.7411e-03
  3.1930e-03  3.7579e-03  4.4368e-03  5.3403e-03  6.7306e-03  8.6193e-03
  1.0957e-02  1.3804e-02  1.7160e-02  2.0769e-02  2.3813e-02  2.6289e-02
  2.8739e-02  3.3202e-02  3.9726e-02  4.8079e-02  5.7780e-02  6.9193e-02
  8.4078e-02  1.0121e-01  1.1951e-01  1.3686e-01  1.5269e-01  1.6760e-01
  1.8161e-01  1.9457e-01  2.0477e-01  2.1689e-01  2.3453e-01  2.6128e-01
  2.8433e-01  2.9908e-01  3.0234e-01  3.0457e-01  3.0701e-01  3.0961e-01
  3.1072e-01  3.1127e-01  3.1371e-01  3.1987e-01  3.3031e-01  3.3605e-01
  3.3485e-01  3.2584e-01  3.1994e-01  3.1700e-01  3.1700e-01  3.1700e-01
  3.1700e-01
# N2O profile (VMR-PPMV) for lat 75 degrees, month 04:
  1.8920e-04  1.9430e-04  1.9973e-04  2.0520e-04  2.1100e-04  2.1680e-04
  2.2293e-04  2.2940e-04  2.3590e-04  2.4270e-04  2.4987e-04  2.5733e-04
  2.6517e-04  2.7300e-04  2.8153e-04  2.9040e-04  2.9960e-04  3.0913e-04
  3.1903e-04  3.2927e-04  3.3780e-04  3.4427e-04  3.4903e-04  3.5380e-04
  3.5857e-04  3.6333e-04  3.6810e-04  3.7323e-04  3.7837e-04  3.8350e-04
  3.8893e-04  3.9473e-04  4.0087e-04  4.0700e-04  4.1313e-04  4.2063e-04
  4.2917e-04  4.3903e-04  4.4927e-04  4.5449e-04  4.5444e-04  4.4877e-04
  4.4321e-04  4.3773e-04  4.3232e-04  4.2698e-04  4.2171e-04  4.1937e-04
  4.2297e-04  4.3245e-04  4.4492e-04  4.5737e-04  4.7244e-04  4.9008e-04
  5.1027e-04  5.3033e-04  5.5080e-04  5.7190e-04  5.9358e-04  6.1537e-04
  6.4206e-04  6.7496e-04  7.1379e-04  7.5349e-04  8.0634e-04  8.7340e-04
  9.5445e-04  1.0358e-03  1.1448e-03  1.2881e-03  1.4657e-03  1.6493e-03
  1.8662e-03  2.1643e-03  2.5446e-03  2.9749e-03  3.6846e-03  4.6766e-03
  5.9529e-03  7.4822e-03  9.4018e-03  1.1727e-02  1.4359e-02  1.7375e-02
  2.0764e-02  2.4687e-02  2.9580e-02  3.5454e-02  4.2335e-02  5.0790e-02
  6.1211e-02  7.5474e-02  9.2230e-02  1.0903e-01  1.2365e-01  1.3531e-01
  1.4605e-01  1.5510e-01  1.6329e-01  1.6838e-01  1.7231e-01  1.7929e-01
  1.9519e-01  2.1715e-01  2.3651e-01  2.5081e-01  2.6187e-01  2.7366e-01
  2.8320e-01  2.8874e-01  2.9291e-01  2.9831e-01  3.0725e-01  3.1989e-01
  3.3033e-01  3.3012e-01  3.2396e-01  3.1700e-01  3.1700e-01  3.1700e-01
  3.1700e-01
# Last line of file.
