21-JAN-2014 12:02:20.000000
# V5 INTERIM FILE generated by J.J. Remedios and H. Sembhi
# HITRAN code of the gas:
 62
# DN:
1 1 1 1 1 1
# N2O5 profile (VMR-PPMV) for lat -75.0 degrees, month 10:
  1.1810e-14  1.3950e-14  1.6367e-14  1.9453e-14  2.3460e-14  2.8760e-14
  3.5770e-14  4.4977e-14  5.7470e-14  7.4023e-14  9.7070e-14  1.2882e-13
  1.7337e-13  2.3480e-13  3.2180e-13  4.4260e-13  6.1573e-13  8.5983e-13
  1.2209e-12  1.7450e-12  2.4937e-12  3.5750e-12  5.1423e-12  7.4300e-12
  1.0738e-11  1.5527e-11  2.2453e-11  3.3110e-11  4.8483e-11  7.0583e-11
  1.0205e-10  1.4602e-10  2.0877e-10  2.9867e-10  4.2557e-10  6.0337e-10
  8.5140e-10  1.2020e-09  1.6863e-09  2.4232e-09  3.3591e-09  4.4342e-09
  5.4931e-09  6.5364e-09  7.5634e-09  8.5753e-09  9.5748e-09  1.0564e-08
  1.3446e-08  1.8476e-08  2.5649e-08  3.3040e-08  4.1145e-08  5.6512e-08
  7.9065e-08  1.0799e-07  1.3666e-07  1.7898e-07  2.4553e-07  3.3619e-07
  4.3646e-07  5.7376e-07  7.6811e-07  1.0196e-06  1.2894e-06  1.6132e-06
  2.0423e-06  2.5762e-06  3.1582e-06  4.1444e-06  6.0216e-06  8.7862e-06
  1.2025e-05  1.6561e-05  2.3683e-05  3.3399e-05  4.5411e-05  6.0191e-05
  7.7742e-05  9.6354e-05  1.1168e-04  1.2373e-04  1.3205e-04  1.3513e-04
  1.3288e-04  1.2600e-04  1.1659e-04  1.0468e-04  9.0376e-05  7.4362e-05
  5.7026e-05  4.6810e-05  4.4982e-05  4.9915e-05  5.3141e-05  5.3688e-05
  5.2335e-05  4.8595e-05  4.3271e-05  3.6688e-05  2.9669e-05  2.2704e-05
  1.6343e-05  1.1195e-05  7.5144e-06  5.0924e-06  3.9459e-06  4.7911e-06
  1.1155e-05  2.0585e-05  2.9321e-05  2.9145e-05  2.0913e-05  1.0286e-05
  2.9947e-06  6.0690e-07  1.5148e-08  1.1008e-07  2.7923e-07  5.0028e-07
  6.7870e-07
# N2O5 profile (VMR-PPMV) for lat -45.0 degrees, month 10:
  1.0000e-10  1.0000e-10  1.0000e-10  1.0000e-10  1.0000e-10  1.0000e-10
  1.0000e-10  1.0000e-10  1.0000e-10  1.0000e-10  1.0000e-10  1.0000e-10
  1.0000e-10  1.0000e-10  1.0000e-10  1.0000e-10  1.0000e-10  1.0000e-10
  1.0000e-10  1.0000e-10  1.0000e-10  1.0000e-10  1.0000e-10  1.0000e-10
  1.0000e-10  1.0000e-10  1.0000e-10  1.0000e-10  1.0000e-10  1.0000e-10
  1.0000e-10  1.0000e-10  1.0000e-10  1.0000e-10  1.0000e-10  1.0000e-10
  1.0000e-10  1.0000e-10  1.0000e-10  4.3585e-10  1.1030e-09  2.0974e-09
  3.0807e-09  4.0535e-09  5.0138e-09  5.9620e-09  7.1358e-09  8.9845e-09
  1.1502e-08  1.4443e-08  1.7362e-08  2.1300e-08  2.7117e-08  3.4808e-08
  4.3306e-08  5.1745e-08  6.4616e-08  8.2621e-08  1.0566e-07  1.2923e-07
  1.6228e-07  2.0624e-07  2.6105e-07  3.1733e-07  4.8921e-07  7.7444e-07
  1.1723e-06  1.6122e-06  2.6942e-06  4.4072e-06  6.7060e-06  9.1392e-06
  1.4199e-05  2.1884e-05  3.2049e-05  4.7171e-05  6.7778e-05  9.3995e-05
  1.2495e-04  1.6155e-04  2.0378e-04  2.4748e-04  2.9120e-04  3.3496e-04
  3.8220e-04  4.3348e-04  4.8904e-04  5.5236e-04  6.2354e-04  6.9276e-04
  7.5295e-04  7.7595e-04  7.7025e-04  7.0706e-04  6.1346e-04  4.9557e-04
  3.8254e-04  2.8702e-04  2.0804e-04  1.5052e-04  1.0749e-04  7.6744e-05
  5.5111e-05  3.9375e-05  2.8342e-05  2.0831e-05  1.5757e-05  1.2515e-05
  1.0414e-05  8.3337e-06  6.0405e-06  4.1321e-06  2.7632e-06  2.0025e-06
  1.3255e-06  6.8916e-07  2.6280e-07  4.1331e-08  1.3925e-06  5.4865e-06
  1.2320e-05
# N2O5 profile (VMR-PPMV) for lat -10. degrees, month 10:
  1.1450e-11  1.2710e-11  1.4100e-11  1.5730e-11  1.7620e-11  1.9850e-11
  2.2577e-11  2.5883e-11  3.0000e-11  3.4987e-11  4.1247e-11  4.9013e-11
  5.8707e-11  7.0557e-11  8.5070e-11  1.0306e-10  1.2530e-10  1.5273e-10
  1.8613e-10  2.2793e-10  2.8013e-10  3.4493e-10  4.2447e-10  5.2233e-10
  6.4330e-10  7.9253e-10  9.7687e-10  1.2041e-09  1.4840e-09  1.8277e-09
  2.2493e-09  2.7663e-09  3.3927e-09  4.1517e-09  5.0697e-09  6.1753e-09
  7.5050e-09  9.1060e-09  1.1035e-08  1.3081e-08  1.5132e-08  1.7064e-08
  1.8997e-08  2.0929e-08  2.2861e-08  2.6299e-08  3.1283e-08  3.7805e-08
  4.4346e-08  5.1966e-08  6.1946e-08  7.4278e-08  8.7777e-08  1.0128e-07
  1.1882e-07  1.4030e-07  1.6552e-07  1.9165e-07  2.2416e-07  2.6284e-07
  3.0641e-07  3.6737e-07  4.7102e-07  6.1694e-07  7.8655e-07  1.2970e-06
  2.4417e-06  4.2176e-06  6.2772e-06  9.1852e-06  1.3610e-05  1.9556e-05
  2.8146e-05  4.0435e-05  5.6470e-05  7.6371e-05  1.0076e-04  1.2960e-04
  1.6287e-04  2.0037e-04  2.4227e-04  2.8890e-04  3.4083e-04  3.9792e-04
  4.6105e-04  5.3042e-04  6.0357e-04  6.7413e-04  7.2458e-04  7.3628e-04
  7.0308e-04  6.2506e-04  5.2472e-04  4.1269e-04  3.1156e-04  2.2626e-04
  1.6119e-04  1.1323e-04  7.8412e-05  5.3161e-05  3.4711e-05  2.2129e-05
  1.3956e-05  8.9233e-06  5.7590e-06  3.9733e-06  2.7866e-06  2.0824e-06
  1.7034e-06  1.4860e-06  1.3287e-06  1.1860e-06  1.0480e-06  9.1294e-07
  7.8152e-07  6.5270e-07  5.3928e-07  4.8264e-07  4.4404e-07  3.7174e-07
  2.2310e-07
# N2O5 profile (VMR-PPMV) for lat 10. degrees, month 10:
  1.1450e-11  1.2710e-11  1.4100e-11  1.5730e-11  1.7620e-11  1.9850e-11
  2.2577e-11  2.5883e-11  3.0000e-11  3.4987e-11  4.1247e-11  4.9013e-11
  5.8707e-11  7.0557e-11  8.5070e-11  1.0306e-10  1.2530e-10  1.5273e-10
  1.8613e-10  2.2793e-10  2.8013e-10  3.4493e-10  4.2447e-10  5.2233e-10
  6.4330e-10  7.9253e-10  9.7687e-10  1.2041e-09  1.4840e-09  1.8277e-09
  2.2493e-09  2.7663e-09  3.3927e-09  4.1517e-09  5.0697e-09  6.1753e-09
  7.5050e-09  9.1060e-09  1.1035e-08  1.3245e-08  1.5624e-08  1.8053e-08
  2.0489e-08  2.2935e-08  2.5382e-08  2.9318e-08  3.4919e-08  4.2165e-08
  4.9557e-08  5.8045e-08  6.9250e-08  8.3140e-08  9.8526e-08  1.1388e-07
  1.3381e-07  1.5823e-07  1.8699e-07  2.1695e-07  2.5432e-07  2.9878e-07
  3.4877e-07  4.3069e-07  5.8697e-07  8.1682e-07  1.0863e-06  1.7755e-06
  3.2017e-06  5.3626e-06  7.8300e-06  1.1494e-05  1.7101e-05  2.4657e-05
  3.5476e-05  5.0316e-05  6.9213e-05  9.2625e-05  1.2097e-04  1.5426e-04
  1.9275e-04  2.3611e-04  2.8454e-04  3.3872e-04  3.9881e-04  4.6463e-04
  5.3468e-04  6.0801e-04  6.7683e-04  7.3576e-04  7.6054e-04  7.4725e-04
  6.8458e-04  5.8654e-04  4.7057e-04  3.5317e-04  2.5621e-04  1.7981e-04
  1.2653e-04  8.8087e-05  6.0872e-05  4.1651e-05  2.7560e-05  1.7848e-05
  1.1353e-05  7.3495e-06  4.6934e-06  3.1013e-06  2.1286e-06  1.5288e-06
  1.1970e-06  1.0405e-06  9.1328e-07  7.9585e-07  6.8238e-07  5.7157e-07
  4.6360e-07  3.5775e-07  2.4584e-07  1.5987e-07  1.1914e-07  1.5117e-07
  2.2310e-07
# N2O5 profile (VMR-PPMV) for lat 45 degrees, month 10:
  1.0000e-10  1.0000e-10  1.0000e-10  1.0000e-10  1.0000e-10  1.0000e-10
  1.0000e-10  1.0000e-10  1.0000e-10  1.0000e-10  1.0000e-10  1.0000e-10
  1.0000e-10  1.0000e-10  1.0000e-10  1.0000e-10  1.0000e-10  1.0000e-10
  1.0000e-10  1.0000e-10  1.0000e-10  1.0000e-10  1.0000e-10  1.0000e-10
  1.0000e-10  1.0000e-10  1.0000e-10  1.0000e-10  1.0000e-10  1.0000e-10
  1.0000e-10  1.0000e-10  1.0000e-10  1.0000e-10  1.0000e-10  1.0000e-10
  1.0000e-10  1.0000e-10  1.0000e-10  1.0268e-10  5.4033e-10  1.4118e-09
  2.7143e-09  4.0147e-09  5.3124e-09  6.6053e-09  7.8934e-09  9.1764e-09
  1.1019e-08  1.3535e-08  1.6722e-08  2.0013e-08  2.3901e-08  2.9669e-08
  3.7303e-08  4.6164e-08  5.4958e-08  6.8922e-08  8.8653e-08  1.1412e-07
  1.4112e-07  1.9097e-07  2.6307e-07  3.5634e-07  5.0897e-07  9.1890e-07
  1.5816e-06  2.4355e-06  3.7112e-06  6.2519e-06  1.0054e-05  1.4687e-05
  2.1284e-05  3.2997e-05  4.9882e-05  7.2697e-05  1.0312e-04  1.4136e-04
  1.8705e-04  2.4022e-04  3.0067e-04  3.6794e-04  4.4007e-04  5.1761e-04
  5.9941e-04  6.8361e-04  7.6997e-04  8.5408e-04  9.2926e-04  9.8425e-04
  1.0053e-03  9.8247e-04  9.0159e-04  7.7819e-04  6.2524e-04  4.7627e-04
  3.4586e-04  2.4303e-04  1.6756e-04  1.1394e-04  7.8254e-05  5.4474e-05
  3.7723e-05  2.6271e-05  1.8616e-05  1.3356e-05  9.8643e-06  7.6907e-06
  6.0001e-06  4.6775e-06  3.5575e-06  2.6983e-06  2.0811e-06  1.6442e-06
  1.3003e-06  1.0047e-06  8.2798e-07  1.0231e-06  2.5986e-06  6.4503e-06
  1.2320e-05
# N2O5 profile (VMR-PPMV) for lat 75 degrees, month 10:
  3.0090e-11  3.1887e-11  3.3773e-11  3.5927e-11  3.8413e-11  4.1323e-11
  4.4680e-11  4.8503e-11  5.2957e-11  5.7990e-11  6.3903e-11  7.0710e-11
  7.8663e-11  8.7723e-11  9.8237e-11  1.1016e-10  1.2403e-10  1.3980e-10
  1.5853e-10  1.8020e-10  2.0503e-10  2.3340e-10  2.6593e-10  3.0363e-10
  3.4670e-10  3.9600e-10  4.5230e-10  5.1957e-10  5.9623e-10  6.8343e-10
  7.8047e-10  8.8857e-10  1.0108e-09  1.1493e-09  1.3063e-09  1.4823e-09
  1.6783e-09  1.9003e-09  2.1477e-09  2.4207e-09  2.7343e-09  3.1180e-09
  3.5614e-09  4.0398e-09  4.5177e-09  4.9957e-09  5.4729e-09  5.9483e-09
  6.4221e-09  6.8943e-09  7.3641e-09  7.9032e-09  8.5839e-09  9.4057e-09
  1.0294e-08  1.1179e-08  1.2787e-08  1.5111e-08  1.8150e-08  2.1161e-08
  2.6137e-08  3.4845e-08  4.7287e-08  6.1442e-08  8.8790e-08  1.3574e-07
  2.0226e-07  2.7505e-07  4.4951e-07  7.3714e-07  1.1386e-06  1.6278e-06
  2.9744e-06  5.1786e-06  8.1805e-06  1.1857e-05  1.7894e-05  2.6311e-05
  4.0054e-05  6.1961e-05  9.2119e-05  1.3209e-04  1.8024e-04  2.3680e-04
  2.9789e-04  3.6086e-04  4.2640e-04  4.9707e-04  5.7263e-04  6.4800e-04
  7.0852e-04  7.4778e-04  7.4661e-04  7.1166e-04  6.3185e-04  5.3141e-04
  4.1720e-04  3.0972e-04  2.2006e-04  1.4793e-04  9.8809e-05  6.3818e-05
  4.2667e-05  2.8837e-05  1.9784e-05  1.3783e-05  9.7664e-06  7.3385e-06
  6.2973e-06  5.4728e-06  4.5743e-06  3.4252e-06  2.4091e-06  1.6032e-06
  1.0492e-06  6.8594e-07  4.7534e-07  3.3012e-07  2.2331e-07  1.2323e-07
  1.6600e-08
# N2O5 profile (VMR-PPMV) for lat -75.0 degrees, month 10:
  1.1810e-14  1.3950e-14  1.6367e-14  1.9453e-14  2.3460e-14  2.8760e-14
  3.5770e-14  4.4977e-14  5.7470e-14  7.4023e-14  9.7070e-14  1.2882e-13
  1.7337e-13  2.3480e-13  3.2180e-13  4.4260e-13  6.1573e-13  8.5983e-13
  1.2209e-12  1.7450e-12  2.4937e-12  3.5750e-12  5.1423e-12  7.4300e-12
  1.0738e-11  1.5527e-11  2.2453e-11  3.3110e-11  4.8483e-11  7.0583e-11
  1.0205e-10  1.4602e-10  2.0877e-10  2.9867e-10  4.2557e-10  6.0337e-10
  8.5140e-10  1.2020e-09  1.6863e-09  2.8321e-09  4.5787e-09  6.8597e-09
  9.1066e-09  1.1320e-08  1.3499e-08  1.5870e-08  2.1444e-08  3.0191e-08
  4.1845e-08  5.3370e-08  6.9478e-08  9.6448e-08  1.3425e-07  1.7812e-07
  2.2167e-07  2.9760e-07  4.1132e-07  5.6287e-07  7.1880e-07  9.6044e-07
  1.2929e-06  1.7156e-06  2.1495e-06  2.7715e-06  3.5799e-06  4.5638e-06
  5.7361e-06  8.4621e-06  1.2732e-05  1.8336e-05  2.3900e-05  3.4213e-05
  4.9400e-05  6.9461e-05  9.4908e-05  1.2628e-04  1.6358e-04  1.9737e-04
  2.2683e-04  2.5197e-04  2.7013e-04  2.8133e-04  2.8557e-04  2.8451e-04
  2.7635e-04  2.6104e-04  2.4288e-04  2.2289e-04  2.0241e-04  1.9093e-04
  1.8943e-04  1.9330e-04  1.9389e-04  1.8573e-04  1.7184e-04  1.5217e-04
  1.3213e-04  1.1178e-04  9.1210e-05  7.0701e-05  5.2256e-05  3.6532e-05
  2.5266e-05  1.7062e-05  1.1913e-05  8.7521e-06  7.6892e-06  2.0363e-05
  4.6042e-05  7.9089e-05  9.1895e-05  7.4762e-05  4.3116e-05  1.5068e-05
  4.1466e-06  6.7899e-08  3.2303e-08  1.1008e-07  2.7923e-07  5.0028e-07
  6.7870e-07
# N2O5 profile (VMR-PPMV) for lat -45.0 degrees, month 10:
  1.0000e-10  1.0000e-10  1.0000e-10  1.0000e-10  1.0000e-10  1.0000e-10
  1.0000e-10  1.0000e-10  1.0000e-10  1.0000e-10  1.0000e-10  1.0000e-10
  1.0000e-10  1.0000e-10  1.0000e-10  1.0000e-10  1.0000e-10  1.0000e-10
  1.0000e-10  1.0000e-10  1.0000e-10  1.0000e-10  1.0000e-10  1.0000e-10
  1.0000e-10  1.0000e-10  1.0000e-10  1.0000e-10  1.0000e-10  1.0000e-10
  1.0000e-10  1.0000e-10  1.0000e-10  1.0000e-10  1.0000e-10  1.0000e-10
  1.0000e-10  1.0000e-10  1.0000e-10  5.8004e-10  1.5336e-09  2.9550e-09
  4.3604e-09  5.7509e-09  7.1235e-09  8.4787e-09  1.0169e-08  1.2851e-08
  1.6516e-08  2.0803e-08  2.5056e-08  3.0829e-08  3.9497e-08  5.1051e-08
  6.3900e-08  7.6661e-08  9.5951e-08  1.2325e-07  1.5841e-07  1.9477e-07
  2.4751e-07  3.1978e-07  4.1149e-07  5.1953e-07  7.7618e-07  1.1785e-06
  1.7122e-06  2.5004e-06  4.3815e-06  7.3372e-06  1.1109e-05  1.5623e-05
  2.4694e-05  3.8322e-05  5.5744e-05  8.3445e-05  1.2243e-04  1.7293e-04
  2.3464e-04  3.1033e-04  3.9997e-04  4.9622e-04  5.9639e-04  7.0059e-04
  7.9687e-04  8.8115e-04  9.5357e-04  1.0012e-03  1.0239e-03  1.0153e-03
  9.9692e-04  9.5560e-04  8.9512e-04  7.9644e-04  6.7617e-04  5.4229e-04
  4.1542e-04  3.0912e-04  2.2252e-04  1.6002e-04  1.1361e-04  8.0604e-05
  5.7630e-05  4.1160e-05  2.9487e-05  2.1674e-05  1.5862e-05  1.1607e-05
  8.5025e-06  6.2477e-06  4.7622e-06  3.6753e-06  2.8359e-06  2.1041e-06
  1.4056e-06  7.2891e-07  2.7601e-07  4.1331e-08  1.3925e-06  5.4865e-06
  1.2320e-05
# N2O5 profile (VMR-PPMV) for lat -10. degrees, month 10:
  1.1450e-11  1.2710e-11  1.4100e-11  1.5730e-11  1.7620e-11  1.9850e-11
  2.2577e-11  2.5883e-11  3.0000e-11  3.4987e-11  4.1247e-11  4.9013e-11
  5.8707e-11  7.0557e-11  8.5070e-11  1.0306e-10  1.2530e-10  1.5273e-10
  1.8613e-10  2.2793e-10  2.8013e-10  3.4493e-10  4.2447e-10  5.2233e-10
  6.4330e-10  7.9253e-10  9.7687e-10  1.2041e-09  1.4840e-09  1.8277e-09
  2.2493e-09  2.7663e-09  3.3927e-09  4.1517e-09  5.0697e-09  6.1753e-09
  7.5050e-09  9.1060e-09  1.1035e-08  1.4097e-08  1.8180e-08  2.3162e-08
  2.8143e-08  3.3124e-08  3.9261e-08  4.7540e-08  5.7963e-08  6.9353e-08
  8.0705e-08  9.6405e-08  1.1674e-07  1.4168e-07  1.6669e-07  1.9508e-07
  2.3230e-07  2.7816e-07  3.2892e-07  3.8677e-07  4.5992e-07  5.4794e-07
  6.4291e-07  8.0187e-07  1.0406e-06  1.3582e-06  1.7584e-06  3.5902e-06
  6.8323e-06  1.1407e-05  1.6280e-05  2.4777e-05  3.6886e-05  5.2329e-05
  7.7703e-05  1.1301e-04  1.5832e-04  2.1657e-04  2.8962e-04  3.7741e-04
  4.8001e-04  5.9945e-04  7.3629e-04  8.7819e-04  1.0224e-03  1.1685e-03
  1.2953e-03  1.3919e-03  1.4320e-03  1.4301e-03  1.3592e-03  1.2406e-03
  1.0660e-03  8.6938e-04  6.7185e-04  4.8999e-04  3.4927e-04  2.4154e-04
  1.7027e-04  1.1779e-04  8.0067e-05  5.3336e-05  3.4337e-05  2.1502e-05
  1.3303e-05  8.6374e-06  5.5949e-06  3.8054e-06  2.6812e-06  2.0144e-06
  1.6580e-06  1.4885e-06  1.3362e-06  1.1922e-06  1.0529e-06  9.1656e-07
  7.8391e-07  6.5389e-07  5.3967e-07  4.8264e-07  4.4404e-07  3.7174e-07
  2.2310e-07
# N2O5 profile (VMR-PPMV) for lat 10. degrees, month 10:
  1.1450e-11  1.2710e-11  1.4100e-11  1.5730e-11  1.7620e-11  1.9850e-11
  2.2577e-11  2.5883e-11  3.0000e-11  3.4987e-11  4.1247e-11  4.9013e-11
  5.8707e-11  7.0557e-11  8.5070e-11  1.0306e-10  1.2530e-10  1.5273e-10
  1.8613e-10  2.2793e-10  2.8013e-10  3.4493e-10  4.2447e-10  5.2233e-10
  6.4330e-10  7.9253e-10  9.7687e-10  1.2041e-09  1.4840e-09  1.8277e-09
  2.2493e-09  2.7663e-09  3.3927e-09  4.1517e-09  5.0697e-09  6.1753e-09
  7.5050e-09  9.1060e-09  1.1035e-08  1.4411e-08  1.9124e-08  2.5061e-08
  3.1016e-08  3.6995e-08  4.3473e-08  5.2393e-08  6.3766e-08  7.7062e-08
  9.0320e-08  1.0674e-07  1.2858e-07  1.5577e-07  1.8499e-07  2.1488e-07
  2.5490e-07  3.0489e-07  3.6380e-07  4.2586e-07  5.0563e-07  6.0242e-07
  7.1236e-07  9.4947e-07  1.4391e-06  2.1787e-06  3.0352e-06  5.1806e-06
  9.1130e-06  1.4828e-05  2.1014e-05  3.1607e-05  4.8136e-05  7.0610e-05
  1.0166e-04  1.4350e-04  1.9625e-04  2.6160e-04  3.4386e-04  4.4302e-04
  5.5558e-04  6.8095e-04  8.1972e-04  9.6523e-04  1.1071e-03  1.2448e-03
  1.3697e-03  1.4590e-03  1.4921e-03  1.4497e-03  1.3444e-03  1.1832e-03
  9.9519e-04  7.9245e-04  6.0230e-04  4.3435e-04  3.0459e-04  2.0838e-04
  1.4246e-04  9.7394e-05  6.6245e-05  4.4572e-05  2.8839e-05  1.8401e-05
  1.1712e-05  7.6162e-06  4.9071e-06  3.3240e-06  2.3733e-06  1.8402e-06
  1.5619e-06  1.4083e-06  1.2399e-06  1.0643e-06  8.9471e-07  7.2905e-07
  5.6763e-07  4.0939e-07  2.6295e-07  1.5987e-07  1.1914e-07  1.5117e-07
  2.2310e-07
# N2O5 profile (VMR-PPMV) for lat 45 degrees, month 10:
  1.0000e-10  1.0000e-10  1.0000e-10  1.0000e-10  1.0000e-10  1.0000e-10
  1.0000e-10  1.0000e-10  1.0000e-10  1.0000e-10  1.0000e-10  1.0000e-10
  1.0000e-10  1.0000e-10  1.0000e-10  1.0000e-10  1.0000e-10  1.0000e-10
  1.0000e-10  1.0000e-10  1.0000e-10  1.0000e-10  1.0000e-10  1.0000e-10
  1.0000e-10  1.0000e-10  1.0000e-10  1.0000e-10  1.0000e-10  1.0000e-10
  1.0000e-10  1.0000e-10  1.0000e-10  1.0000e-10  1.0000e-10  1.0000e-10
  1.0000e-10  1.0000e-10  1.0000e-10  1.0268e-10  6.1359e-10  1.6313e-09
  3.1533e-09  4.6727e-09  6.1890e-09  7.6997e-09  9.2047e-09  1.0753e-08
  1.3512e-08  1.7480e-08  2.2600e-08  2.7702e-08  3.4093e-08  4.3325e-08
  5.5371e-08  6.8881e-08  8.2288e-08  1.0477e-07  1.3677e-07  1.7823e-07
  2.2216e-07  3.1135e-07  4.4467e-07  6.1982e-07  9.1780e-07  1.6796e-06
  2.8972e-06  4.4435e-06  6.9380e-06  1.1870e-05  1.9233e-05  2.8062e-05
  4.0382e-05  6.2684e-05  9.5078e-05  1.3703e-04  1.9284e-04  2.6287e-04
  3.4513e-04  4.3592e-04  5.3483e-04  6.4122e-04  7.4208e-04  8.3800e-04
  9.2824e-04  1.0051e-03  1.0681e-03  1.1166e-03  1.1517e-03  1.1680e-03
  1.1405e-03  1.0760e-03  9.5613e-04  8.0770e-04  6.3911e-04  4.8039e-04
  3.4658e-04  2.4090e-04  1.6558e-04  1.1195e-04  7.6798e-05  5.3392e-05
  3.6909e-05  2.5666e-05  1.8138e-05  1.3081e-05  9.7454e-06  7.6580e-06
  5.9552e-06  4.5780e-06  3.4436e-06  2.5918e-06  2.0029e-06  1.5908e-06
  1.2683e-06  9.8885e-07  8.2270e-07  1.0231e-06  2.5986e-06  6.4503e-06
  1.2320e-05
# N2O5 profile (VMR-PPMV) for lat 75 degrees, month 10:
  3.0090e-11  3.1887e-11  3.3773e-11  3.5927e-11  3.8413e-11  4.1323e-11
  4.4680e-11  4.8503e-11  5.2957e-11  5.7990e-11  6.3903e-11  7.0710e-11
  7.8663e-11  8.7723e-11  9.8237e-11  1.1016e-10  1.2403e-10  1.3980e-10
  1.5853e-10  1.8020e-10  2.0503e-10  2.3340e-10  2.6593e-10  3.0363e-10
  3.4670e-10  3.9600e-10  4.5230e-10  5.1957e-10  5.9623e-10  6.8343e-10
  7.8047e-10  8.8857e-10  1.0108e-09  1.1493e-09  1.3063e-09  1.4823e-09
  1.6783e-09  1.9003e-09  2.1477e-09  2.4207e-09  2.7343e-09  4.0773e-09
  6.4302e-09  9.7717e-09  1.3109e-08  1.6448e-08  1.9781e-08  2.3102e-08
  2.6411e-08  2.9709e-08  3.6269e-08  4.7845e-08  6.4376e-08  8.2558e-08
  1.0471e-07  1.4293e-07  1.9715e-07  2.6309e-07  3.2870e-07  4.3046e-07
  5.7720e-07  7.6896e-07  9.6914e-07  1.2571e-06  1.6330e-06  2.0964e-06
  2.7443e-06  3.9279e-06  5.6426e-06  7.7012e-06  1.1154e-05  1.7336e-05
  2.6267e-05  3.6546e-05  4.9728e-05  6.8153e-05  9.2018e-05  1.2212e-04
  1.5980e-04  2.0515e-04  2.5898e-04  3.2281e-04  3.9656e-04  4.8537e-04
  5.9386e-04  7.2205e-04  8.6474e-04  1.0148e-03  1.1719e-03  1.3047e-03
  1.3944e-03  1.4066e-03  1.3448e-03  1.2054e-03  1.0058e-03  7.8308e-04
  5.6674e-04  3.9078e-04  2.5742e-04  1.6505e-04  1.0448e-04  6.6369e-05
  4.3507e-05  2.9956e-05  2.0531e-05  1.4303e-05  1.0321e-05  8.0739e-06
  7.3611e-06  6.7317e-06  5.7182e-06  4.1886e-06  2.8935e-06  1.9041e-06
  1.2434e-06  8.0536e-07  5.4214e-07  3.3012e-07  2.2331e-07  1.2323e-07
  1.6600e-08
# Last line of file.
