27-AUG-2015 09:40:36.000000
# V5.1 FILE generated by J.J. Remedios and D. Moore
# HITRAN code of the gas:
 19
# DN:
0 0 0 0 0 0
# OCS profile (VMR-PPMV) for lat -75.0 degrees, month 10:
  2.3725e-09  2.3725e-09  2.3725e-09  2.3725e-09  2.3725e-09  2.3725e-09
  2.3725e-09  2.3725e-09  2.3725e-09  2.3725e-09  2.3725e-09  2.3725e-09
  2.3725e-09  2.3725e-09  2.3725e-09  2.3725e-09  2.3725e-09  2.3725e-09
  2.3725e-09  2.3725e-09  2.3725e-09  2.3725e-09  2.3725e-09  2.3725e-09
  2.3725e-09  2.3725e-09  2.3725e-09  2.3725e-09  2.3725e-09  2.3725e-09
  2.3725e-09  2.3725e-09  2.3725e-09  2.3725e-09  2.3725e-09  2.3725e-09
  2.3725e-09  2.3725e-09  2.3725e-09  2.3725e-09  2.3725e-09  2.3725e-09
  2.3725e-09  2.3725e-09  2.3725e-09  2.3725e-09  2.3725e-09  2.3725e-09
  2.3725e-09  2.3725e-09  2.3725e-09  2.3725e-09  2.3725e-09  2.3725e-09
  2.3725e-09  2.3725e-09  2.3725e-09  2.3725e-09  2.3725e-09  2.3725e-09
  2.3725e-09  2.3725e-09  2.3725e-09  2.3725e-09  2.3725e-09  2.3725e-09
  2.3725e-09  2.3725e-09  2.3725e-09  2.3725e-09  2.3725e-09  2.3725e-09
  2.3725e-09  2.3725e-09  2.3725e-09  2.3725e-09  2.3725e-09  2.3725e-09
  2.3725e-09  2.4508e-09  2.6878e-09  5.1952e-09  1.0240e-08  1.9719e-08
  3.7338e-08  6.9783e-08  1.1445e-07  1.8006e-07  2.7487e-07  5.1538e-07
  9.8097e-07  1.9041e-06  2.9162e-06  4.8211e-06  8.0156e-06  1.1819e-05
  1.7462e-05  2.5813e-05  3.1749e-05  3.9252e-05  4.8537e-05  5.9770e-05
  7.9625e-05  1.1154e-04  1.5699e-04  2.1331e-04  2.7307e-04  3.2679e-04
  3.6806e-04  3.9601e-04  4.1343e-04  4.2388e-04  4.2974e-04  4.3255e-04
  4.3353e-04  4.3367e-04  4.3367e-04  4.3367e-04  4.3367e-04  4.3367e-04
  4.3367e-04
# OCS profile (VMR-PPMV) for lat -45.0 degrees, month 10:
  9.9760e-09  9.9760e-09  9.9760e-09  9.9760e-09  9.9760e-09  9.9760e-09
  9.9760e-09  9.9760e-09  9.9760e-09  9.9760e-09  9.9760e-09  9.9760e-09
  9.9760e-09  9.9760e-09  9.9760e-09  9.9760e-09  9.9760e-09  9.9760e-09
  9.9760e-09  9.9760e-09  9.9760e-09  9.9760e-09  9.9760e-09  9.9760e-09
  9.9760e-09  9.9760e-09  9.9760e-09  9.9760e-09  9.9760e-09  9.9760e-09
  9.9760e-09  9.9760e-09  9.9760e-09  9.9760e-09  9.9760e-09  9.9760e-09
  9.9760e-09  9.9760e-09  9.9760e-09  9.9760e-09  9.9760e-09  9.9760e-09
  9.9760e-09  9.9760e-09  9.9760e-09  9.9760e-09  9.9760e-09  9.9760e-09
  9.9760e-09  9.9760e-09  9.9760e-09  9.9760e-09  9.9760e-09  9.9760e-09
  9.9760e-09  9.9760e-09  9.9760e-09  9.9760e-09  9.9760e-09  9.9760e-09
  9.9760e-09  9.9760e-09  9.9760e-09  9.9760e-09  9.9760e-09  9.9760e-09
  9.9760e-09  9.9760e-09  9.9760e-09  9.9760e-09  9.9760e-09  9.9760e-09
  9.9760e-09  9.9760e-09  9.9760e-09  9.9760e-09  9.9760e-09  9.9760e-09
  9.9760e-09  1.0305e-08  1.1302e-08  2.1845e-08  4.3059e-08  8.2917e-08
  1.5700e-07  2.9343e-07  4.8125e-07  7.5712e-07  1.1558e-06  2.1671e-06
  4.1248e-06  8.0064e-06  1.2262e-05  2.0272e-05  3.3705e-05  4.9697e-05
  7.3426e-05  1.0854e-04  1.3350e-04  1.6505e-04  2.0409e-04  2.4222e-04
  2.8160e-04  3.1924e-04  3.5196e-04  3.7706e-04  3.9332e-04  4.0214e-04
  4.0689e-04  4.1069e-04  4.1461e-04  4.1806e-04  4.2026e-04  4.2118e-04
  4.2139e-04  4.2139e-04  4.2139e-04  4.2139e-04  4.2139e-04  4.2139e-04
  4.2139e-04
# OCS profile (VMR-PPMV) for lat -10. degrees, month 10:
  1.9454e-08  1.9454e-08  1.9454e-08  1.9454e-08  1.9454e-08  1.9454e-08
  1.9454e-08  1.9454e-08  1.9454e-08  1.9454e-08  1.9454e-08  1.9454e-08
  1.9454e-08  1.9454e-08  1.9454e-08  1.9454e-08  1.9454e-08  1.9454e-08
  1.9454e-08  1.9454e-08  1.9454e-08  1.9454e-08  1.9454e-08  1.9454e-08
  1.9454e-08  1.9454e-08  1.9454e-08  1.9454e-08  1.9454e-08  1.9454e-08
  1.9454e-08  1.9454e-08  1.9454e-08  1.9454e-08  1.9454e-08  1.9454e-08
  1.9454e-08  1.9454e-08  1.9454e-08  1.9454e-08  1.9454e-08  1.9454e-08
  1.9454e-08  1.9454e-08  1.9454e-08  1.9454e-08  1.9454e-08  1.9454e-08
  1.9454e-08  1.9454e-08  1.9454e-08  1.9454e-08  1.9454e-08  1.9454e-08
  1.9454e-08  1.9454e-08  1.9454e-08  1.9454e-08  1.9454e-08  1.9454e-08
  1.9454e-08  1.9454e-08  1.9454e-08  1.9454e-08  1.9454e-08  1.9454e-08
  1.9454e-08  1.9454e-08  1.9454e-08  1.9454e-08  1.9454e-08  1.9454e-08
  1.9454e-08  1.9454e-08  1.9454e-08  1.9454e-08  1.9454e-08  1.9454e-08
  1.9454e-08  2.0096e-08  2.2040e-08  4.2600e-08  8.3970e-08  1.6170e-07
  3.0617e-07  5.7222e-07  9.3848e-07  1.4765e-06  2.2539e-06  4.2261e-06
  8.0439e-06  1.5613e-05  2.3912e-05  3.9533e-05  6.5728e-05  9.6915e-05
  1.4319e-04  2.1166e-04  2.6034e-04  3.2186e-04  3.9800e-04  4.1793e-04
  4.3203e-04  4.3971e-04  4.4265e-04  4.4316e-04  4.4218e-04  4.4056e-04
  4.3906e-04  4.3806e-04  4.3749e-04  4.3701e-04  4.3675e-04  4.3664e-04
  4.3664e-04  4.3664e-04  4.3664e-04  4.3664e-04  4.3664e-04  4.3664e-04
  4.3664e-04
# OCS profile (VMR-PPMV) for lat 10. degrees, month 10:
  1.9740e-08  1.9740e-08  1.9740e-08  1.9740e-08  1.9740e-08  1.9740e-08
  1.9740e-08  1.9740e-08  1.9740e-08  1.9740e-08  1.9740e-08  1.9740e-08
  1.9740e-08  1.9740e-08  1.9740e-08  1.9740e-08  1.9740e-08  1.9740e-08
  1.9740e-08  1.9740e-08  1.9740e-08  1.9740e-08  1.9740e-08  1.9740e-08
  1.9740e-08  1.9740e-08  1.9740e-08  1.9740e-08  1.9740e-08  1.9740e-08
  1.9740e-08  1.9740e-08  1.9740e-08  1.9740e-08  1.9740e-08  1.9740e-08
  1.9740e-08  1.9740e-08  1.9740e-08  1.9740e-08  1.9740e-08  1.9740e-08
  1.9740e-08  1.9740e-08  1.9740e-08  1.9740e-08  1.9740e-08  1.9740e-08
  1.9740e-08  1.9740e-08  1.9740e-08  1.9740e-08  1.9740e-08  1.9740e-08
  1.9740e-08  1.9740e-08  1.9740e-08  1.9740e-08  1.9740e-08  1.9740e-08
  1.9740e-08  1.9740e-08  1.9740e-08  1.9740e-08  1.9740e-08  1.9740e-08
  1.9740e-08  1.9740e-08  1.9740e-08  1.9740e-08  1.9740e-08  1.9740e-08
  1.9740e-08  1.9740e-08  1.9740e-08  1.9740e-08  1.9740e-08  1.9740e-08
  1.9740e-08  2.0391e-08  2.2363e-08  4.3225e-08  8.5201e-08  1.6407e-07
  3.1066e-07  5.8061e-07  9.5224e-07  1.4981e-06  2.2870e-06  4.2881e-06
  8.1618e-06  1.5842e-05  2.4263e-05  4.0112e-05  6.6691e-05  9.8336e-05
  1.4529e-04  2.1477e-04  2.6416e-04  3.2658e-04  4.0384e-04  4.2336e-04
  4.3715e-04  4.4495e-04  4.4853e-04  4.4989e-04  4.4983e-04  4.4911e-04
  4.4843e-04  4.4820e-04  4.4820e-04  4.4820e-04  4.4820e-04  4.4820e-04
  4.4820e-04  4.4820e-04  4.4820e-04  4.4820e-04  4.4820e-04  4.4820e-04
  4.4820e-04
# OCS profile (VMR-PPMV) for lat 45 degrees, month 10:
  1.1368e-08  1.1368e-08  1.1368e-08  1.1368e-08  1.1368e-08  1.1368e-08
  1.1368e-08  1.1368e-08  1.1368e-08  1.1368e-08  1.1368e-08  1.1368e-08
  1.1368e-08  1.1368e-08  1.1368e-08  1.1368e-08  1.1368e-08  1.1368e-08
  1.1368e-08  1.1368e-08  1.1368e-08  1.1368e-08  1.1368e-08  1.1368e-08
  1.1368e-08  1.1368e-08  1.1368e-08  1.1368e-08  1.1368e-08  1.1368e-08
  1.1368e-08  1.1368e-08  1.1368e-08  1.1368e-08  1.1368e-08  1.1368e-08
  1.1368e-08  1.1368e-08  1.1368e-08  1.1368e-08  1.1368e-08  1.1368e-08
  1.1368e-08  1.1368e-08  1.1368e-08  1.1368e-08  1.1368e-08  1.1368e-08
  1.1368e-08  1.1368e-08  1.1368e-08  1.1368e-08  1.1368e-08  1.1368e-08
  1.1368e-08  1.1368e-08  1.1368e-08  1.1368e-08  1.1368e-08  1.1368e-08
  1.1368e-08  1.1368e-08  1.1368e-08  1.1368e-08  1.1368e-08  1.1368e-08
  1.1368e-08  1.1368e-08  1.1368e-08  1.1368e-08  1.1368e-08  1.1368e-08
  1.1368e-08  1.1368e-08  1.1368e-08  1.1368e-08  1.1368e-08  1.1368e-08
  1.1368e-08  1.1743e-08  1.2879e-08  2.4893e-08  4.9068e-08  9.4488e-08
  1.7891e-07  3.3438e-07  5.4840e-07  8.6277e-07  1.3171e-06  2.4695e-06
  4.7005e-06  9.1237e-06  1.3973e-05  2.3101e-05  3.8408e-05  5.6633e-05
  8.3672e-05  1.2369e-04  1.5213e-04  1.8808e-04  2.3257e-04  2.7429e-04
  3.1495e-04  3.5194e-04  3.8331e-04  4.0764e-04  4.2427e-04  4.3390e-04
  4.3853e-04  4.4050e-04  4.4114e-04  4.4083e-04  4.4007e-04  4.3943e-04
  4.3922e-04  4.3920e-04  4.3920e-04  4.3920e-04  4.3920e-04  4.3920e-04
  4.3920e-04
# OCS profile (VMR-PPMV) for lat 75 degrees, month 10:
  7.5475e-09  7.5475e-09  7.5475e-09  7.5475e-09  7.5475e-09  7.5475e-09
  7.5475e-09  7.5475e-09  7.5475e-09  7.5475e-09  7.5475e-09  7.5475e-09
  7.5475e-09  7.5475e-09  7.5475e-09  7.5475e-09  7.5475e-09  7.5475e-09
  7.5475e-09  7.5475e-09  7.5475e-09  7.5475e-09  7.5475e-09  7.5475e-09
  7.5475e-09  7.5475e-09  7.5475e-09  7.5475e-09  7.5475e-09  7.5475e-09
  7.5475e-09  7.5475e-09  7.5475e-09  7.5475e-09  7.5475e-09  7.5475e-09
  7.5475e-09  7.5475e-09  7.5475e-09  7.5475e-09  7.5475e-09  7.5475e-09
  7.5475e-09  7.5475e-09  7.5475e-09  7.5475e-09  7.5475e-09  7.5475e-09
  7.5475e-09  7.5475e-09  7.5475e-09  7.5475e-09  7.5475e-09  7.5475e-09
  7.5475e-09  7.5475e-09  7.5475e-09  7.5475e-09  7.5475e-09  7.5475e-09
  7.5475e-09  7.5475e-09  7.5475e-09  7.5475e-09  7.5475e-09  7.5475e-09
  7.5475e-09  7.5475e-09  7.5475e-09  7.5475e-09  7.5475e-09  7.5475e-09
  7.5475e-09  7.5475e-09  7.5475e-09  7.5475e-09  7.5475e-09  7.5475e-09
  7.5475e-09  7.7965e-09  8.5506e-09  1.6527e-08  3.2577e-08  6.2732e-08
  1.1878e-07  2.2200e-07  3.6409e-07  5.7280e-07  8.7443e-07  1.6395e-06
  3.1207e-06  6.0573e-06  9.2769e-06  1.5337e-05  2.5499e-05  3.7599e-05
  5.5551e-05  8.2116e-05  1.0100e-04  1.2487e-04  1.5441e-04  1.9592e-04
  2.4083e-04  2.8659e-04  3.3002e-04  3.6763e-04  3.9658e-04  4.1586e-04
  4.2682e-04  4.3220e-04  4.3417e-04  4.3364e-04  4.3130e-04  4.2866e-04
  4.2705e-04  4.2660e-04  4.2660e-04  4.2660e-04  4.2660e-04  4.2660e-04
  4.2660e-04
# OCS profile (VMR-PPMV) for lat -75.0 degrees, month 10:
  2.3725e-09  2.3725e-09  2.3725e-09  2.3725e-09  2.3725e-09  2.3725e-09
  2.3725e-09  2.3725e-09  2.3725e-09  2.3725e-09  2.3725e-09  2.3725e-09
  2.3725e-09  2.3725e-09  2.3725e-09  2.3725e-09  2.3725e-09  2.3725e-09
  2.3725e-09  2.3725e-09  2.3725e-09  2.3725e-09  2.3725e-09  2.3725e-09
  2.3725e-09  2.3725e-09  2.3725e-09  2.3725e-09  2.3725e-09  2.3725e-09
  2.3725e-09  2.3725e-09  2.3725e-09  2.3725e-09  2.3725e-09  2.3725e-09
  2.3725e-09  2.3725e-09  2.3725e-09  2.3725e-09  2.3725e-09  2.3725e-09
  2.3725e-09  2.3725e-09  2.3725e-09  2.3725e-09  2.3725e-09  2.3725e-09
  2.3725e-09  2.3725e-09  2.3725e-09  2.3725e-09  2.3725e-09  2.3725e-09
  2.3725e-09  2.3725e-09  2.3725e-09  2.3725e-09  2.3725e-09  2.3725e-09
  2.3725e-09  2.3725e-09  2.3725e-09  2.3725e-09  2.3725e-09  2.3725e-09
  2.3725e-09  2.3725e-09  2.3725e-09  2.3725e-09  2.3725e-09  2.3725e-09
  2.3725e-09  2.3725e-09  2.3725e-09  2.3725e-09  2.3725e-09  2.3725e-09
  2.3725e-09  2.4508e-09  2.6878e-09  5.1952e-09  1.0240e-08  1.9719e-08
  3.7338e-08  6.9783e-08  1.1445e-07  1.8006e-07  2.7487e-07  5.1538e-07
  9.8097e-07  1.9041e-06  2.9162e-06  4.8211e-06  8.0156e-06  1.1819e-05
  1.7462e-05  2.5813e-05  3.1749e-05  3.9252e-05  4.8537e-05  5.9770e-05
  7.9625e-05  1.1154e-04  1.5699e-04  2.1331e-04  2.7307e-04  3.2679e-04
  3.6806e-04  3.9601e-04  4.1343e-04  4.2388e-04  4.2974e-04  4.3255e-04
  4.3353e-04  4.3367e-04  4.3367e-04  4.3367e-04  4.3367e-04  4.3367e-04
  4.3367e-04
# OCS profile (VMR-PPMV) for lat -45.0 degrees, month 10:
  9.9760e-09  9.9760e-09  9.9760e-09  9.9760e-09  9.9760e-09  9.9760e-09
  9.9760e-09  9.9760e-09  9.9760e-09  9.9760e-09  9.9760e-09  9.9760e-09
  9.9760e-09  9.9760e-09  9.9760e-09  9.9760e-09  9.9760e-09  9.9760e-09
  9.9760e-09  9.9760e-09  9.9760e-09  9.9760e-09  9.9760e-09  9.9760e-09
  9.9760e-09  9.9760e-09  9.9760e-09  9.9760e-09  9.9760e-09  9.9760e-09
  9.9760e-09  9.9760e-09  9.9760e-09  9.9760e-09  9.9760e-09  9.9760e-09
  9.9760e-09  9.9760e-09  9.9760e-09  9.9760e-09  9.9760e-09  9.9760e-09
  9.9760e-09  9.9760e-09  9.9760e-09  9.9760e-09  9.9760e-09  9.9760e-09
  9.9760e-09  9.9760e-09  9.9760e-09  9.9760e-09  9.9760e-09  9.9760e-09
  9.9760e-09  9.9760e-09  9.9760e-09  9.9760e-09  9.9760e-09  9.9760e-09
  9.9760e-09  9.9760e-09  9.9760e-09  9.9760e-09  9.9760e-09  9.9760e-09
  9.9760e-09  9.9760e-09  9.9760e-09  9.9760e-09  9.9760e-09  9.9760e-09
  9.9760e-09  9.9760e-09  9.9760e-09  9.9760e-09  9.9760e-09  9.9760e-09
  9.9760e-09  1.0305e-08  1.1302e-08  2.1845e-08  4.3059e-08  8.2917e-08
  1.5700e-07  2.9343e-07  4.8125e-07  7.5712e-07  1.1558e-06  2.1671e-06
  4.1248e-06  8.0064e-06  1.2262e-05  2.0272e-05  3.3705e-05  4.9697e-05
  7.3426e-05  1.0854e-04  1.3350e-04  1.6505e-04  2.0409e-04  2.4222e-04
  2.8160e-04  3.1924e-04  3.5196e-04  3.7706e-04  3.9332e-04  4.0214e-04
  4.0689e-04  4.1069e-04  4.1461e-04  4.1806e-04  4.2026e-04  4.2118e-04
  4.2139e-04  4.2139e-04  4.2139e-04  4.2139e-04  4.2139e-04  4.2139e-04
  4.2139e-04
# OCS profile (VMR-PPMV) for lat -10. degrees, month 10:
  1.9454e-08  1.9454e-08  1.9454e-08  1.9454e-08  1.9454e-08  1.9454e-08
  1.9454e-08  1.9454e-08  1.9454e-08  1.9454e-08  1.9454e-08  1.9454e-08
  1.9454e-08  1.9454e-08  1.9454e-08  1.9454e-08  1.9454e-08  1.9454e-08
  1.9454e-08  1.9454e-08  1.9454e-08  1.9454e-08  1.9454e-08  1.9454e-08
  1.9454e-08  1.9454e-08  1.9454e-08  1.9454e-08  1.9454e-08  1.9454e-08
  1.9454e-08  1.9454e-08  1.9454e-08  1.9454e-08  1.9454e-08  1.9454e-08
  1.9454e-08  1.9454e-08  1.9454e-08  1.9454e-08  1.9454e-08  1.9454e-08
  1.9454e-08  1.9454e-08  1.9454e-08  1.9454e-08  1.9454e-08  1.9454e-08
  1.9454e-08  1.9454e-08  1.9454e-08  1.9454e-08  1.9454e-08  1.9454e-08
  1.9454e-08  1.9454e-08  1.9454e-08  1.9454e-08  1.9454e-08  1.9454e-08
  1.9454e-08  1.9454e-08  1.9454e-08  1.9454e-08  1.9454e-08  1.9454e-08
  1.9454e-08  1.9454e-08  1.9454e-08  1.9454e-08  1.9454e-08  1.9454e-08
  1.9454e-08  1.9454e-08  1.9454e-08  1.9454e-08  1.9454e-08  1.9454e-08
  1.9454e-08  2.0096e-08  2.2040e-08  4.2600e-08  8.3970e-08  1.6170e-07
  3.0617e-07  5.7222e-07  9.3848e-07  1.4765e-06  2.2539e-06  4.2261e-06
  8.0439e-06  1.5613e-05  2.3912e-05  3.9533e-05  6.5728e-05  9.6915e-05
  1.4319e-04  2.1166e-04  2.6034e-04  3.2186e-04  3.9800e-04  4.1793e-04
  4.3203e-04  4.3971e-04  4.4265e-04  4.4316e-04  4.4218e-04  4.4056e-04
  4.3906e-04  4.3806e-04  4.3749e-04  4.3701e-04  4.3675e-04  4.3664e-04
  4.3664e-04  4.3664e-04  4.3664e-04  4.3664e-04  4.3664e-04  4.3664e-04
  4.3664e-04
# OCS profile (VMR-PPMV) for lat 10. degrees, month 10:
  1.9740e-08  1.9740e-08  1.9740e-08  1.9740e-08  1.9740e-08  1.9740e-08
  1.9740e-08  1.9740e-08  1.9740e-08  1.9740e-08  1.9740e-08  1.9740e-08
  1.9740e-08  1.9740e-08  1.9740e-08  1.9740e-08  1.9740e-08  1.9740e-08
  1.9740e-08  1.9740e-08  1.9740e-08  1.9740e-08  1.9740e-08  1.9740e-08
  1.9740e-08  1.9740e-08  1.9740e-08  1.9740e-08  1.9740e-08  1.9740e-08
  1.9740e-08  1.9740e-08  1.9740e-08  1.9740e-08  1.9740e-08  1.9740e-08
  1.9740e-08  1.9740e-08  1.9740e-08  1.9740e-08  1.9740e-08  1.9740e-08
  1.9740e-08  1.9740e-08  1.9740e-08  1.9740e-08  1.9740e-08  1.9740e-08
  1.9740e-08  1.9740e-08  1.9740e-08  1.9740e-08  1.9740e-08  1.9740e-08
  1.9740e-08  1.9740e-08  1.9740e-08  1.9740e-08  1.9740e-08  1.9740e-08
  1.9740e-08  1.9740e-08  1.9740e-08  1.9740e-08  1.9740e-08  1.9740e-08
  1.9740e-08  1.9740e-08  1.9740e-08  1.9740e-08  1.9740e-08  1.9740e-08
  1.9740e-08  1.9740e-08  1.9740e-08  1.9740e-08  1.9740e-08  1.9740e-08
  1.9740e-08  2.0391e-08  2.2363e-08  4.3225e-08  8.5201e-08  1.6407e-07
  3.1066e-07  5.8061e-07  9.5224e-07  1.4981e-06  2.2870e-06  4.2881e-06
  8.1618e-06  1.5842e-05  2.4263e-05  4.0112e-05  6.6691e-05  9.8336e-05
  1.4529e-04  2.1477e-04  2.6416e-04  3.2658e-04  4.0384e-04  4.2336e-04
  4.3715e-04  4.4495e-04  4.4853e-04  4.4989e-04  4.4983e-04  4.4911e-04
  4.4843e-04  4.4820e-04  4.4820e-04  4.4820e-04  4.4820e-04  4.4820e-04
  4.4820e-04  4.4820e-04  4.4820e-04  4.4820e-04  4.4820e-04  4.4820e-04
  4.4820e-04
# OCS profile (VMR-PPMV) for lat 45 degrees, month 10:
  1.1368e-08  1.1368e-08  1.1368e-08  1.1368e-08  1.1368e-08  1.1368e-08
  1.1368e-08  1.1368e-08  1.1368e-08  1.1368e-08  1.1368e-08  1.1368e-08
  1.1368e-08  1.1368e-08  1.1368e-08  1.1368e-08  1.1368e-08  1.1368e-08
  1.1368e-08  1.1368e-08  1.1368e-08  1.1368e-08  1.1368e-08  1.1368e-08
  1.1368e-08  1.1368e-08  1.1368e-08  1.1368e-08  1.1368e-08  1.1368e-08
  1.1368e-08  1.1368e-08  1.1368e-08  1.1368e-08  1.1368e-08  1.1368e-08
  1.1368e-08  1.1368e-08  1.1368e-08  1.1368e-08  1.1368e-08  1.1368e-08
  1.1368e-08  1.1368e-08  1.1368e-08  1.1368e-08  1.1368e-08  1.1368e-08
  1.1368e-08  1.1368e-08  1.1368e-08  1.1368e-08  1.1368e-08  1.1368e-08
  1.1368e-08  1.1368e-08  1.1368e-08  1.1368e-08  1.1368e-08  1.1368e-08
  1.1368e-08  1.1368e-08  1.1368e-08  1.1368e-08  1.1368e-08  1.1368e-08
  1.1368e-08  1.1368e-08  1.1368e-08  1.1368e-08  1.1368e-08  1.1368e-08
  1.1368e-08  1.1368e-08  1.1368e-08  1.1368e-08  1.1368e-08  1.1368e-08
  1.1368e-08  1.1743e-08  1.2879e-08  2.4893e-08  4.9068e-08  9.4488e-08
  1.7891e-07  3.3438e-07  5.4840e-07  8.6277e-07  1.3171e-06  2.4695e-06
  4.7005e-06  9.1237e-06  1.3973e-05  2.3101e-05  3.8408e-05  5.6633e-05
  8.3672e-05  1.2369e-04  1.5213e-04  1.8808e-04  2.3257e-04  2.7429e-04
  3.1495e-04  3.5194e-04  3.8331e-04  4.0764e-04  4.2427e-04  4.3390e-04
  4.3853e-04  4.4050e-04  4.4114e-04  4.4083e-04  4.4007e-04  4.3943e-04
  4.3922e-04  4.3920e-04  4.3920e-04  4.3920e-04  4.3920e-04  4.3920e-04
  4.3920e-04
# OCS profile (VMR-PPMV) for lat 75 degrees, month 10:
  7.5475e-09  7.5475e-09  7.5475e-09  7.5475e-09  7.5475e-09  7.5475e-09
  7.5475e-09  7.5475e-09  7.5475e-09  7.5475e-09  7.5475e-09  7.5475e-09
  7.5475e-09  7.5475e-09  7.5475e-09  7.5475e-09  7.5475e-09  7.5475e-09
  7.5475e-09  7.5475e-09  7.5475e-09  7.5475e-09  7.5475e-09  7.5475e-09
  7.5475e-09  7.5475e-09  7.5475e-09  7.5475e-09  7.5475e-09  7.5475e-09
  7.5475e-09  7.5475e-09  7.5475e-09  7.5475e-09  7.5475e-09  7.5475e-09
  7.5475e-09  7.5475e-09  7.5475e-09  7.5475e-09  7.5475e-09  7.5475e-09
  7.5475e-09  7.5475e-09  7.5475e-09  7.5475e-09  7.5475e-09  7.5475e-09
  7.5475e-09  7.5475e-09  7.5475e-09  7.5475e-09  7.5475e-09  7.5475e-09
  7.5475e-09  7.5475e-09  7.5475e-09  7.5475e-09  7.5475e-09  7.5475e-09
  7.5475e-09  7.5475e-09  7.5475e-09  7.5475e-09  7.5475e-09  7.5475e-09
  7.5475e-09  7.5475e-09  7.5475e-09  7.5475e-09  7.5475e-09  7.5475e-09
  7.5475e-09  7.5475e-09  7.5475e-09  7.5475e-09  7.5475e-09  7.5475e-09
  7.5475e-09  7.7965e-09  8.5506e-09  1.6527e-08  3.2577e-08  6.2732e-08
  1.1878e-07  2.2200e-07  3.6409e-07  5.7280e-07  8.7443e-07  1.6395e-06
  3.1207e-06  6.0573e-06  9.2769e-06  1.5337e-05  2.5499e-05  3.7599e-05
  5.5551e-05  8.2116e-05  1.0100e-04  1.2487e-04  1.5441e-04  1.9592e-04
  2.4083e-04  2.8659e-04  3.3002e-04  3.6763e-04  3.9658e-04  4.1586e-04
  4.2682e-04  4.3220e-04  4.3417e-04  4.3364e-04  4.3130e-04  4.2866e-04
  4.2705e-04  4.2660e-04  4.2660e-04  4.2660e-04  4.2660e-04  4.2660e-04
  4.2660e-04
# Last line of file.
