21-JAN-2014 12:02:13.000000
# V5 INTERIM FILE generated by J.J. Remedios and H. Sembhi
# HITRAN code of the gas:
 63
# DN:
1 1 1 1 1 1
# HNO4 profile (VMR-PPMV) for lat -75.0 degrees, month 04:
  3.5720e-14  3.8990e-14  4.2640e-14  4.6670e-14  5.1950e-14  5.8170e-14
  6.5540e-14  7.4650e-14  8.5190e-14  9.8530e-14  1.1380e-13  1.3370e-13
  1.5760e-13  1.8690e-13  2.2200e-13  2.6650e-13  3.1860e-13  3.8540e-13
  4.6530e-13  5.7090e-13  6.9880e-13  8.5000e-13  1.0440e-12  1.2820e-12
  1.5760e-12  1.9370e-12  2.3810e-12  2.9270e-12  3.6830e-12  4.5240e-12
  5.5480e-12  6.8330e-12  8.2880e-12  1.0130e-11  1.2420e-11  1.5060e-11
  1.8270e-11  2.2140e-11  2.6870e-11  3.2340e-11  3.8740e-11  4.7320e-11
  5.6580e-11  6.7860e-11  8.1290e-11  9.7420e-11  1.1690e-10  1.3980e-10
  1.6740e-10  2.0090e-10  2.4060e-10  2.8850e-10  3.4150e-10  4.0670e-10
  4.8770e-10  9.4174e-10  1.3705e-09  2.0049e-09  2.9411e-09  4.2687e-09
  6.1917e-09  8.9752e-09  1.3002e-08  1.8834e-08  1.9798e-08  2.8673e-08
  4.1526e-08  6.0140e-08  8.7099e-08  1.2614e-07  1.8269e-07  1.5945e-07
  1.4439e-07  1.9774e-07  2.7078e-07  3.4962e-07  3.5019e-07  3.5077e-07
  3.7038e-07  4.3492e-07  5.1070e-07  7.7218e-07  1.3470e-06  2.3499e-06
  3.8901e-06  6.4357e-06  9.9488e-06  1.4389e-05  2.0783e-05  2.7405e-05
  3.6138e-05  4.5859e-05  5.7116e-05  7.1285e-05  8.9430e-05  1.1216e-04
  1.3334e-04  1.5851e-04  1.7411e-04  1.8319e-04  1.8648e-04  1.7464e-04
  1.6356e-04  1.4715e-04  1.2709e-04  1.0841e-04  9.2288e-05  7.4241e-05
  6.4518e-05  5.0683e-05  3.7418e-05  2.6683e-05  1.8116e-05  1.1490e-05
  7.2282e-06  4.6244e-06  3.0811e-06  2.2436e-06  1.2891e-06  5.4127e-07
  8.5190e-14
# HNO4 profile (VMR-PPMV) for lat -45.0 degrees, month 04:
  4.5001e-08  4.5001e-08  4.5001e-08  4.5001e-08  4.5001e-08  4.5001e-08
  4.5001e-08  4.5002e-08  4.5002e-08  4.5002e-08  4.5002e-08  4.5002e-08
  4.5003e-08  4.5003e-08  4.5004e-08  4.5004e-08  4.5005e-08  4.5006e-08
  4.5007e-08  4.5008e-08  4.5010e-08  4.5011e-08  4.5013e-08  4.5016e-08
  4.5019e-08  4.5023e-08  4.5027e-08  4.5033e-08  4.5039e-08  4.5047e-08
  4.5057e-08  4.5068e-08  4.5081e-08  4.5096e-08  4.5114e-08  4.5135e-08
  4.5159e-08  4.5188e-08  4.5221e-08  4.5260e-08  4.5305e-08  4.5358e-08
  4.5419e-08  4.5491e-08  4.5573e-08  4.5669e-08  4.6395e-08  4.7498e-08
  4.8642e-08  4.9808e-08  5.1020e-08  5.6803e-08  6.6664e-08  7.9015e-08
  1.0491e-07  7.9022e-08  7.5313e-08  7.0003e-08  6.0841e-08  5.4597e-08
  4.8453e-08  4.2593e-08  3.7557e-08  3.1011e-08  2.7083e-08  2.3653e-08
  2.0658e-08  1.8041e-08  1.5756e-08  1.3761e-08  1.2018e-08  1.8155e-08
  2.7424e-08  4.7401e-08  8.5882e-08  1.5560e-07  2.7718e-07  4.9120e-07
  8.7046e-07  1.5784e-06  2.8707e-06  5.2050e-06  8.5508e-06  1.4047e-05
  2.2251e-05  3.2931e-05  4.8737e-05  6.8112e-05  9.2377e-05  1.2380e-04
  1.5345e-04  1.9021e-04  2.2368e-04  2.5244e-04  2.8057e-04  2.7040e-04
  2.6061e-04  2.3709e-04  2.0652e-04  1.7899e-04  1.4960e-04  1.2504e-04
  1.0583e-04  8.6350e-05  6.9216e-05  6.3541e-05  5.0921e-05  4.2947e-05
  3.5163e-05  2.7715e-05  2.1504e-05  1.5724e-05  1.1142e-05  6.8510e-06
  3.4939e-06  1.2769e-06  4.5261e-07  1.7637e-07  1.1709e-07  7.3297e-08
  4.5002e-08
# HNO4 profile (VMR-PPMV) for lat -10. degrees, month 04:
  2.8390e-20  3.5530e-20  4.5290e-20  5.7730e-20  7.5050e-20  9.8420e-20
  1.3050e-19  1.8020e-19  2.4970e-19  3.5700e-19  5.1450e-19  7.6700e-19
  1.1570e-18  1.7660e-18  2.7010e-18  4.1640e-18  6.5450e-18  1.0290e-17
  1.6190e-17  2.5440e-17  4.1050e-17  6.6260e-17  1.0610e-16  1.7050e-16
  2.7470e-16  4.4280e-16  7.1330e-16  1.1520e-15  1.8580e-15  2.9930e-15
  4.8110e-15  7.7220e-15  1.2380e-14  1.9580e-14  3.0930e-14  4.8760e-14
  7.5970e-14  1.1820e-13  1.8360e-13  2.8430e-13  4.3950e-13  6.8070e-13
  1.0540e-12  1.6300e-12  2.5200e-12  3.8920e-12  6.0120e-12  9.2830e-12
  1.4300e-11  2.1950e-11  3.3560e-11  5.1170e-11  7.7790e-11  1.1730e-10
  1.7630e-10  2.8429e-10  3.9745e-10  5.5140e-10  7.6014e-10  1.0394e-09
  1.4188e-09  1.9346e-09  2.0854e-09  2.8399e-09  3.8673e-09  5.2666e-09
  7.1721e-09  9.7670e-09  1.3301e-08  1.8113e-08  2.4667e-08  3.5211e-08
  6.6519e-08  1.2566e-07  2.3739e-07  4.3006e-07  7.7552e-07  1.3985e-06
  2.3912e-06  4.0552e-06  6.8772e-06  1.0969e-05  1.7263e-05  2.7168e-05
  3.9353e-05  5.6748e-05  8.1321e-05  1.0692e-04  1.4057e-04  1.7412e-04
  1.9743e-04  2.2386e-04  2.2240e-04  2.0978e-04  1.9277e-04  1.5907e-04
  1.3126e-04  9.5794e-05  6.5673e-05  4.4081e-05  2.7892e-05  1.7649e-05
  1.3746e-05  1.1121e-05  1.0052e-05  1.0760e-05  1.2595e-05  1.5451e-05
  2.2837e-05  2.6286e-05  2.6436e-05  2.1417e-05  1.3003e-05  5.8844e-06
  2.5109e-06  1.0270e-06  5.5442e-07  3.0263e-07  1.9559e-07  9.4709e-08
  1.3050e-19
# HNO4 profile (VMR-PPMV) for lat 10. degrees, month 04:
  2.8390e-20  3.5530e-20  4.5290e-20  5.7730e-20  7.5050e-20  9.8420e-20
  1.3050e-19  1.8020e-19  2.4970e-19  3.5700e-19  5.1450e-19  7.6700e-19
  1.1570e-18  1.7660e-18  2.7010e-18  4.1640e-18  6.5450e-18  1.0290e-17
  1.6190e-17  2.5440e-17  4.1050e-17  6.6260e-17  1.0610e-16  1.7050e-16
  2.7470e-16  4.4280e-16  7.1330e-16  1.1520e-15  1.8580e-15  2.9930e-15
  4.8110e-15  7.7220e-15  1.2380e-14  1.9580e-14  3.0930e-14  4.8760e-14
  7.5970e-14  1.1820e-13  1.8360e-13  2.8430e-13  4.3950e-13  6.8070e-13
  1.0540e-12  1.6300e-12  2.5200e-12  3.8920e-12  6.0120e-12  9.2830e-12
  1.4300e-11  2.1950e-11  3.3560e-11  5.1170e-11  7.7790e-11  1.1730e-10
  1.7630e-10  2.9357e-10  4.1593e-10  5.8494e-10  8.1775e-10  1.1334e-09
  1.5684e-09  2.1678e-09  2.3261e-09  3.2112e-09  4.4331e-09  6.1201e-09
  8.4490e-09  1.1664e-08  1.6103e-08  2.2230e-08  3.0689e-08  4.8725e-08
  8.0632e-08  1.3343e-07  2.2081e-07  4.0014e-07  7.3303e-07  1.3429e-06
  2.2874e-06  3.8490e-06  6.4768e-06  1.0421e-05  1.6594e-05  2.6423e-05
  3.8666e-05  5.6192e-05  8.1386e-05  1.0813e-04  1.4365e-04  1.8074e-04
  2.0709e-04  2.3728e-04  2.3954e-04  2.2954e-04  2.1404e-04  1.7786e-04
  1.4780e-04  1.1121e-04  7.9724e-05  5.4577e-05  3.3060e-05  2.0026e-05
  1.4880e-05  1.1773e-05  1.0549e-05  1.1452e-05  1.3780e-05  1.7357e-05
  2.6488e-05  3.1260e-05  3.2477e-05  2.7082e-05  1.6887e-05  8.1143e-06
  3.8721e-06  1.8654e-06  1.1890e-06  7.7793e-07  6.1486e-07  3.5555e-07
  1.3050e-19
# HNO4 profile (VMR-PPMV) for lat 45 degrees, month 04:
  4.5001e-08  4.5001e-08  4.5001e-08  4.5001e-08  4.5001e-08  4.5001e-08
  4.5001e-08  4.5002e-08  4.5002e-08  4.5002e-08  4.5002e-08  4.5002e-08
  4.5003e-08  4.5003e-08  4.5004e-08  4.5004e-08  4.5005e-08  4.5006e-08
  4.5007e-08  4.5008e-08  4.5010e-08  4.5011e-08  4.5013e-08  4.5016e-08
  4.5019e-08  4.5023e-08  4.5027e-08  4.5033e-08  4.5039e-08  4.5047e-08
  4.5057e-08  4.5068e-08  4.5081e-08  4.5096e-08  4.5114e-08  4.5135e-08
  4.5159e-08  4.5188e-08  4.5221e-08  4.5260e-08  4.5305e-08  4.5358e-08
  4.5419e-08  4.5491e-08  4.5573e-08  4.5669e-08  4.6395e-08  4.7498e-08
  4.8642e-08  4.9808e-08  5.1020e-08  5.6803e-08  6.6664e-08  7.9015e-08
  1.0491e-07  8.5722e-08  8.4856e-08  8.2360e-08  7.6047e-08  7.1796e-08
  6.7268e-08  6.2640e-08  5.7764e-08  5.3612e-08  4.9758e-08  4.6182e-08
  4.2862e-08  3.9781e-08  3.6922e-08  3.4268e-08  3.1805e-08  4.8806e-08
  7.9470e-08  1.3333e-07  2.2369e-07  3.8646e-07  6.8379e-07  1.2099e-06
  2.0879e-06  3.5166e-06  5.9228e-06  9.6981e-06  1.5384e-05  2.4403e-05
  3.5933e-05  5.0578e-05  7.1191e-05  9.3762e-05  1.2116e-04  1.5415e-04
  1.8154e-04  2.1380e-04  2.4146e-04  2.6348e-04  2.8598e-04  2.8812e-04
  2.9028e-04  2.8015e-04  2.6109e-04  2.4113e-04  2.0818e-04  1.7973e-04
  1.5968e-04  1.4122e-04  1.2512e-04  1.2545e-04  1.1472e-04  9.8774e-05
  8.5104e-05  7.4501e-05  6.5017e-05  6.0790e-05  5.3913e-05  4.2065e-05
  2.7888e-05  1.4374e-05  7.3640e-06  4.3308e-06  3.9696e-06  2.5410e-06
  4.5001e-08
# HNO4 profile (VMR-PPMV) for lat 75 degrees, month 04:
  1.9650e-15  2.2260e-15  2.5260e-15  2.8710e-15  3.3410e-15  3.9210e-15
  4.6440e-15  5.5830e-15  6.7320e-15  8.2720e-15  1.0150e-14  1.2750e-14
  1.6090e-14  2.0480e-14  2.6140e-14  3.3850e-14  4.3590e-14  5.7070e-14
  7.4540e-14  9.9580e-14  1.3260e-13  1.7500e-13  2.3400e-13  3.1320e-13
  4.1950e-13  5.6160e-13  7.5270e-13  1.0080e-12  1.3960e-12  1.8670e-12
  2.4940e-12  3.3490e-12  4.4030e-12  5.8510e-12  7.8060e-12  1.0260e-11
  1.3480e-11  1.7700e-11  2.3290e-11  3.0270e-11  3.9090e-11  5.1910e-11
  6.6840e-11  8.6490e-11  1.1170e-10  1.4430e-10  1.8680e-10  2.4070e-10
  3.1060e-10  4.0230e-10  5.1940e-10  6.7160e-10  8.5270e-10  1.0920e-09
  1.4120e-09  1.9174e-09  2.4219e-09  3.0507e-09  3.8310e-09  4.7846e-09
  5.9689e-09  7.4401e-09  9.2685e-09  1.0153e-08  1.2641e-08  1.5738e-08
  1.9595e-08  2.4398e-08  3.0377e-08  3.7821e-08  4.7090e-08  7.9925e-08
  1.3565e-07  2.3858e-07  4.2197e-07  7.4633e-07  1.2949e-06  2.2370e-06
  3.8643e-06  6.1654e-06  9.7322e-06  1.5362e-05  2.2601e-05  3.3185e-05
  4.7505e-05  6.3291e-05  8.4323e-05  1.0771e-04  1.3286e-04  1.6374e-04
  1.8949e-04  2.1930e-04  2.4930e-04  2.7650e-04  3.0666e-04  3.1871e-04
  3.2937e-04  3.3340e-04  3.2449e-04  3.1582e-04  2.9384e-04  2.7100e-04
  2.4950e-04  2.2866e-04  2.0168e-04  1.8721e-04  1.7436e-04  1.6198e-04
  1.5280e-04  1.3167e-04  1.0593e-04  8.3724e-05  6.5066e-05  4.8185e-05
  3.5734e-05  2.0449e-05  9.6202e-06  3.9742e-06  2.6085e-06  1.2838e-06
  5.5830e-15
# HNO4 profile (VMR-PPMV) for lat -75.0 degrees, month 04:
  3.5720e-14  3.8990e-14  4.2640e-14  4.6670e-14  5.1950e-14  5.8170e-14
  6.5540e-14  7.4650e-14  8.5190e-14  9.8530e-14  1.1380e-13  1.3370e-13
  1.5760e-13  1.8690e-13  2.2200e-13  2.6650e-13  3.1860e-13  3.8540e-13
  4.6530e-13  5.7090e-13  6.9880e-13  8.5000e-13  1.0440e-12  1.2820e-12
  1.5760e-12  1.9370e-12  2.3810e-12  2.9270e-12  3.6830e-12  4.5240e-12
  5.5480e-12  6.8330e-12  8.2880e-12  1.0130e-11  1.2420e-11  1.5060e-11
  1.8270e-11  2.2140e-11  2.6870e-11  3.2340e-11  3.8740e-11  4.7320e-11
  5.6580e-11  6.7860e-11  8.1290e-11  9.7420e-11  1.1690e-10  1.3980e-10
  1.6740e-10  2.0090e-10  2.4060e-10  2.8850e-10  3.4150e-10  4.0670e-10
  4.8770e-10  9.7426e-10  1.4386e-09  2.1353e-09  3.1775e-09  4.6774e-09
  6.8807e-09  1.0115e-08  1.4862e-08  2.1832e-08  2.2794e-08  3.3480e-08
  4.9176e-08  7.2231e-08  1.0609e-07  1.5583e-07  2.2889e-07  1.9135e-07
  1.6563e-07  2.1178e-07  2.7080e-07  3.2890e-07  3.1998e-07  3.1131e-07
  3.2677e-07  3.9969e-07  4.8887e-07  7.5812e-07  1.3446e-06  2.3847e-06
  3.9585e-06  6.5654e-06  1.0146e-05  1.4629e-05  2.1063e-05  2.7665e-05
  3.6335e-05  4.5974e-05  5.7120e-05  7.1163e-05  8.9262e-05  1.1193e-04
  1.3304e-04  1.5813e-04  1.7352e-04  1.8228e-04  1.8536e-04  1.7361e-04
  1.6261e-04  1.4639e-04  1.2658e-04  1.0809e-04  9.2094e-05  7.4186e-05
  6.4583e-05  5.0870e-05  3.7568e-05  2.6743e-05  1.8160e-05  1.1496e-05
  7.2282e-06  4.6244e-06  3.0811e-06  2.2436e-06  1.2891e-06  5.4127e-07
  8.5190e-14
# HNO4 profile (VMR-PPMV) for lat -45.0 degrees, month 04:
  4.5001e-08  4.5001e-08  4.5001e-08  4.5001e-08  4.5001e-08  4.5001e-08
  4.5001e-08  4.5002e-08  4.5002e-08  4.5002e-08  4.5002e-08  4.5002e-08
  4.5003e-08  4.5003e-08  4.5004e-08  4.5004e-08  4.5005e-08  4.5006e-08
  4.5007e-08  4.5008e-08  4.5010e-08  4.5011e-08  4.5013e-08  4.5016e-08
  4.5019e-08  4.5023e-08  4.5027e-08  4.5033e-08  4.5039e-08  4.5047e-08
  4.5057e-08  4.5068e-08  4.5081e-08  4.5096e-08  4.5114e-08  4.5135e-08
  4.5159e-08  4.5188e-08  4.5221e-08  4.5260e-08  4.5305e-08  4.5358e-08
  4.5419e-08  4.5491e-08  4.5573e-08  4.5669e-08  4.6395e-08  4.7498e-08
  4.8642e-08  4.9808e-08  5.1020e-08  5.6803e-08  6.6664e-08  7.9015e-08
  1.0491e-07  9.0111e-08  9.1336e-08  9.1055e-08  8.7115e-08  8.4802e-08
  8.2058e-08  7.9033e-08  7.6206e-08  7.3263e-08  7.0398e-08  6.7644e-08
  6.4999e-08  6.2457e-08  6.0014e-08  5.7667e-08  5.5412e-08  5.7208e-08
  5.9062e-08  9.3099e-08  1.7017e-07  3.1104e-07  5.1070e-07  8.1161e-07
  1.2898e-06  2.2142e-06  3.8392e-06  6.6388e-06  1.0518e-05  1.6663e-05
  2.5534e-05  3.6777e-05  5.2969e-05  7.2519e-05  9.6682e-05  1.2755e-04
  1.5714e-04  1.9360e-04  2.2696e-04  2.5592e-04  2.8420e-04  2.7360e-04
  2.6339e-04  2.3913e-04  2.0773e-04  1.7954e-04  1.4960e-04  1.2465e-04
  1.0531e-04  8.5774e-05  6.8594e-05  6.2870e-05  5.0286e-05  4.2565e-05
  3.4963e-05  2.7624e-05  2.1497e-05  1.5723e-05  1.1142e-05  6.8510e-06
  3.4939e-06  1.2769e-06  4.5261e-07  1.7637e-07  1.1709e-07  7.3297e-08
  4.5002e-08
# HNO4 profile (VMR-PPMV) for lat -10. degrees, month 04:
  2.8390e-20  3.5530e-20  4.5290e-20  5.7730e-20  7.5050e-20  9.8420e-20
  1.3050e-19  1.8020e-19  2.4970e-19  3.5700e-19  5.1450e-19  7.6700e-19
  1.1570e-18  1.7660e-18  2.7010e-18  4.1640e-18  6.5450e-18  1.0290e-17
  1.6190e-17  2.5440e-17  4.1050e-17  6.6260e-17  1.0610e-16  1.7050e-16
  2.7470e-16  4.4280e-16  7.1330e-16  1.1520e-15  1.8580e-15  2.9930e-15
  4.8110e-15  7.7220e-15  1.2380e-14  1.9580e-14  3.0930e-14  4.8760e-14
  7.5970e-14  1.1820e-13  1.8360e-13  2.8430e-13  4.3950e-13  6.8070e-13
  1.0540e-12  1.6300e-12  2.5200e-12  3.8920e-12  6.0120e-12  9.2830e-12
  1.4300e-11  2.1950e-11  3.3560e-11  5.1170e-11  7.7790e-11  1.1730e-10
  1.7630e-10  3.3804e-10  5.0715e-10  7.5586e-10  1.1210e-09  1.6460e-09
  2.4131e-09  3.5340e-09  3.6994e-09  5.4121e-09  7.9177e-09  1.1583e-08
  1.6946e-08  2.4792e-08  3.6269e-08  5.3061e-08  7.7626e-08  9.3739e-08
  1.5321e-07  2.5042e-07  4.0929e-07  7.3568e-07  1.3362e-06  2.4268e-06
  4.0131e-06  6.5413e-06  1.0662e-05  1.6235e-05  2.4358e-05  3.6545e-05
  5.0698e-05  7.0032e-05  9.6261e-05  1.2356e-04  1.5859e-04  1.9278e-04
  2.1617e-04  2.4240e-04  2.3783e-04  2.2144e-04  2.0092e-04  1.6394e-04
  1.3377e-04  9.6479e-05  6.5349e-05  4.3375e-05  2.7206e-05  1.7064e-05
  1.3392e-05  1.0907e-05  9.9349e-06  1.0709e-05  1.2565e-05  1.5395e-05
  2.2837e-05  2.6286e-05  2.6436e-05  2.1417e-05  1.3003e-05  5.8844e-06
  2.5109e-06  1.0270e-06  5.5442e-07  3.0263e-07  1.9559e-07  9.4709e-08
  1.3050e-19
# HNO4 profile (VMR-PPMV) for lat 10. degrees, month 04:
  2.8390e-20  3.5530e-20  4.5290e-20  5.7730e-20  7.5050e-20  9.8420e-20
  1.3050e-19  1.8020e-19  2.4970e-19  3.5700e-19  5.1450e-19  7.6700e-19
  1.1570e-18  1.7660e-18  2.7010e-18  4.1640e-18  6.5450e-18  1.0290e-17
  1.6190e-17  2.5440e-17  4.1050e-17  6.6260e-17  1.0610e-16  1.7050e-16
  2.7470e-16  4.4280e-16  7.1330e-16  1.1520e-15  1.8580e-15  2.9930e-15
  4.8110e-15  7.7220e-15  1.2380e-14  1.9580e-14  3.0930e-14  4.8760e-14
  7.5970e-14  1.1820e-13  1.8360e-13  2.8430e-13  4.3950e-13  6.8070e-13
  1.0540e-12  1.6300e-12  2.5200e-12  3.8920e-12  6.0120e-12  9.2830e-12
  1.4300e-11  2.1950e-11  3.3560e-11  5.1170e-11  7.7790e-11  1.1730e-10
  1.7630e-10  3.5937e-10  5.5244e-10  8.4371e-10  1.2825e-09  1.9291e-09
  2.8974e-09  4.3474e-09  4.4934e-09  6.7355e-09  1.0096e-08  1.5134e-08
  2.2685e-08  3.4004e-08  5.0971e-08  7.6403e-08  1.1453e-07  1.7864e-07
  2.3354e-07  3.0530e-07  3.9912e-07  7.2046e-07  1.3517e-06  2.5360e-06
  4.1131e-06  6.5101e-06  1.0304e-05  1.5808e-05  2.4078e-05  3.6674e-05
  5.1380e-05  7.1492e-05  9.9198e-05  1.2808e-04  1.6536e-04  2.0322e-04
  2.2944e-04  2.5904e-04  2.5755e-04  2.4301e-04  2.2328e-04  1.8335e-04
  1.5055e-04  1.1194e-04  7.9303e-05  5.3693e-05  3.2235e-05  1.9352e-05
  1.4418e-05  1.1473e-05  1.0365e-05  1.1348e-05  1.3721e-05  1.7296e-05
  2.6488e-05  3.1260e-05  3.2477e-05  2.7082e-05  1.6887e-05  8.1143e-06
  3.8721e-06  1.8654e-06  1.1890e-06  7.7793e-07  6.1486e-07  3.5555e-07
  1.3050e-19
# HNO4 profile (VMR-PPMV) for lat 45 degrees, month 04:
  4.5001e-08  4.5001e-08  4.5001e-08  4.5001e-08  4.5001e-08  4.5001e-08
  4.5001e-08  4.5002e-08  4.5002e-08  4.5002e-08  4.5002e-08  4.5002e-08
  4.5003e-08  4.5003e-08  4.5004e-08  4.5004e-08  4.5005e-08  4.5006e-08
  4.5007e-08  4.5008e-08  4.5010e-08  4.5011e-08  4.5013e-08  4.5016e-08
  4.5019e-08  4.5023e-08  4.5027e-08  4.5033e-08  4.5039e-08  4.5047e-08
  4.5057e-08  4.5068e-08  4.5081e-08  4.5096e-08  4.5114e-08  4.5135e-08
  4.5159e-08  4.5188e-08  4.5221e-08  4.5260e-08  4.5305e-08  4.5358e-08
  4.5419e-08  4.5491e-08  4.5573e-08  4.5669e-08  4.6395e-08  4.7498e-08
  4.8642e-08  4.9808e-08  5.1020e-08  5.6803e-08  6.6664e-08  7.9015e-08
  1.0491e-07  9.5207e-08  9.9069e-08  1.0172e-07  1.0105e-07  1.0167e-07
  1.0183e-07  1.0164e-07  1.0191e-07  1.0154e-07  1.0117e-07  1.0080e-07
  1.0044e-07  1.0008e-07  9.9713e-08  9.9352e-08  9.8992e-08  1.3050e-07
  1.9494e-07  3.1015e-07  4.9343e-07  8.0767e-07  1.3530e-06  2.2665e-06
  3.6962e-06  5.8724e-06  9.3298e-06  1.4420e-05  2.1606e-05  3.2374e-05
  4.5490e-05  6.1480e-05  8.3089e-05  1.0611e-04  1.3332e-04  1.6529e-04
  1.9171e-04  2.2236e-04  2.4868e-04  2.6993e-04  2.9152e-04  2.9337e-04
  2.9523e-04  2.8451e-04  2.6470e-04  2.4403e-04  2.1020e-04  1.8105e-04
  1.6059e-04  1.4181e-04  1.2543e-04  1.2583e-04  1.1511e-04  9.9127e-05
  8.5399e-05  7.4734e-05  6.5181e-05  6.0816e-05  5.3913e-05  4.2065e-05
  2.7888e-05  1.4374e-05  7.3640e-06  4.3308e-06  3.9696e-06  2.5410e-06
  4.5001e-08
# HNO4 profile (VMR-PPMV) for lat 75 degrees, month 04:
  1.9650e-15  2.2260e-15  2.5260e-15  2.8710e-15  3.3410e-15  3.9210e-15
  4.6440e-15  5.5830e-15  6.7320e-15  8.2720e-15  1.0150e-14  1.2750e-14
  1.6090e-14  2.0480e-14  2.6140e-14  3.3850e-14  4.3590e-14  5.7070e-14
  7.4540e-14  9.9580e-14  1.3260e-13  1.7500e-13  2.3400e-13  3.1320e-13
  4.1950e-13  5.6160e-13  7.5270e-13  1.0080e-12  1.3960e-12  1.8670e-12
  2.4940e-12  3.3490e-12  4.4030e-12  5.8510e-12  7.8060e-12  1.0260e-11
  1.3480e-11  1.7700e-11  2.3290e-11  3.0270e-11  3.9090e-11  5.1910e-11
  6.6840e-11  8.6490e-11  1.1170e-10  1.4430e-10  1.8680e-10  2.4070e-10
  3.1060e-10  4.0230e-10  5.1940e-10  6.7160e-10  8.5270e-10  1.0920e-09
  1.4120e-09  2.2058e-09  2.9666e-09  3.9886e-09  5.3587e-09  7.1406e-09
  9.5062e-09  1.2645e-08  1.6810e-08  1.8234e-08  2.4229e-08  3.2194e-08
  4.2779e-08  5.6843e-08  7.5532e-08  1.0036e-07  1.3336e-07  2.0914e-07
  3.2797e-07  5.4222e-07  9.0396e-07  1.5070e-06  2.4326e-06  3.8975e-06
  6.2446e-06  9.2967e-06  1.3704e-05  2.0202e-05  2.8241e-05  3.9420e-05
  5.3965e-05  6.9919e-05  9.0590e-05  1.1347e-04  1.3818e-04  1.6817e-04
  1.9371e-04  2.2313e-04  2.5279e-04  2.7991e-04  3.0994e-04  3.2199e-04
  3.3266e-04  3.3664e-04  3.2756e-04  3.1872e-04  2.9645e-04  2.7331e-04
  2.5153e-04  2.3039e-04  2.0301e-04  1.8836e-04  1.7536e-04  1.6286e-04
  1.5366e-04  1.3239e-04  1.0636e-04  8.3949e-05  6.5163e-05  4.8185e-05
  3.5734e-05  2.0449e-05  9.6202e-06  3.9742e-06  2.6085e-06  1.2838e-06
  5.5830e-15
# Last line of file.
