27-AUG-2015 09:34:07.000000
# V5.1 FILE generated by J.J. Remedios and D. Moore
# HITRAN code of the gas:
 60
# DN:
0 0 0 0 0 0
# CCl4 profile (VMR-PPMV) for lat -75.0 degrees, month 07:
  8.6812e-09  8.6812e-09  8.6812e-09  8.6812e-09  8.6812e-09  8.6812e-09
  8.6812e-09  8.6812e-09  8.6812e-09  8.6812e-09  8.6812e-09  8.6812e-09
  8.6812e-09  8.6812e-09  8.6812e-09  8.6812e-09  8.6812e-09  8.6812e-09
  8.6812e-09  8.6812e-09  8.6812e-09  8.6812e-09  8.6812e-09  8.6812e-09
  8.6812e-09  8.6812e-09  8.6812e-09  8.6812e-09  8.6812e-09  8.6812e-09
  8.6812e-09  8.6812e-09  8.6812e-09  8.6812e-09  8.6812e-09  8.6812e-09
  8.6812e-09  8.6812e-09  8.6812e-09  8.6812e-09  8.6812e-09  8.6812e-09
  8.6812e-09  8.6812e-09  8.6812e-09  8.6812e-09  8.6812e-09  8.6812e-09
  8.6812e-09  8.6812e-09  8.6812e-09  8.6812e-09  8.6812e-09  8.6812e-09
  8.6812e-09  8.6812e-09  8.6812e-09  8.6812e-09  8.6812e-09  8.6812e-09
  8.6812e-09  8.6812e-09  8.6812e-09  8.6812e-09  8.6812e-09  8.6812e-09
  8.6812e-09  8.6812e-09  8.6812e-09  8.6812e-09  8.6812e-09  8.6812e-09
  8.6812e-09  8.6812e-09  8.6812e-09  8.6812e-09  8.6812e-09  8.6812e-09
  8.6812e-09  8.6812e-09  8.6812e-09  8.6812e-09  8.6812e-09  8.6812e-09
  8.6812e-09  8.6812e-09  8.6812e-09  8.6812e-09  8.6812e-09  2.3370e-08
  3.8050e-08  5.2738e-08  8.8114e-08  2.9907e-07  5.1002e-07  1.9272e-06
  3.3449e-06  4.7616e-06  7.2488e-06  1.2023e-05  1.6798e-05  1.9430e-05
  2.3295e-05  2.8950e-05  3.7368e-05  4.8504e-05  6.0673e-05  7.1516e-05
  7.9774e-05  8.5337e-05  8.8820e-05  9.0616e-05  9.1171e-05  9.1138e-05
  9.1007e-05  9.1002e-05  9.1002e-05  9.1002e-05  9.1002e-05  9.1002e-05
  9.1002e-05
# CCl4 profile (VMR-PPMV) for lat -45.0 degrees, month 07:
  1.6179e-08  1.6179e-08  1.6179e-08  1.6179e-08  1.6179e-08  1.6179e-08
  1.6179e-08  1.6179e-08  1.6179e-08  1.6179e-08  1.6179e-08  1.6179e-08
  1.6179e-08  1.6179e-08  1.6179e-08  1.6179e-08  1.6179e-08  1.6179e-08
  1.6179e-08  1.6179e-08  1.6179e-08  1.6179e-08  1.6179e-08  1.6179e-08
  1.6179e-08  1.6179e-08  1.6179e-08  1.6179e-08  1.6179e-08  1.6179e-08
  1.6179e-08  1.6179e-08  1.6179e-08  1.6179e-08  1.6179e-08  1.6179e-08
  1.6179e-08  1.6179e-08  1.6179e-08  1.6179e-08  1.6179e-08  1.6179e-08
  1.6179e-08  1.6179e-08  1.6179e-08  1.6179e-08  1.6179e-08  1.6179e-08
  1.6179e-08  1.6179e-08  1.6179e-08  1.6179e-08  1.6179e-08  1.6179e-08
  1.6179e-08  1.6179e-08  1.6179e-08  1.6179e-08  1.6179e-08  1.6179e-08
  1.6179e-08  1.6179e-08  1.6179e-08  1.6179e-08  1.6179e-08  1.6179e-08
  1.6179e-08  1.6179e-08  1.6179e-08  1.6179e-08  1.6179e-08  1.6179e-08
  1.6179e-08  1.6179e-08  1.6179e-08  1.6179e-08  1.6179e-08  1.6179e-08
  1.6179e-08  1.6179e-08  1.6179e-08  1.6179e-08  1.6179e-08  1.6179e-08
  1.6179e-08  1.6179e-08  1.6179e-08  1.6179e-08  1.6179e-08  4.3554e-08
  7.0913e-08  9.8289e-08  1.6422e-07  5.5737e-07  9.5053e-07  3.5918e-06
  6.2338e-06  8.8743e-06  1.3510e-05  2.2408e-05  3.1307e-05  3.5601e-05
  4.2357e-05  5.0289e-05  5.8132e-05  6.6232e-05  7.3877e-05  8.0663e-05
  8.6460e-05  9.1125e-05  9.4545e-05  9.6716e-05  9.7810e-05  9.8172e-05
  9.8203e-05  9.8199e-05  9.8199e-05  9.8199e-05  9.8199e-05  9.8199e-05
  9.8199e-05
# CCl4 profile (VMR-PPMV) for lat -10. degrees, month 07:
  3.8044e-08  3.8044e-08  3.8044e-08  3.8044e-08  3.8044e-08  3.8044e-08
  3.8044e-08  3.8044e-08  3.8044e-08  3.8044e-08  3.8044e-08  3.8044e-08
  3.8044e-08  3.8044e-08  3.8044e-08  3.8044e-08  3.8044e-08  3.8044e-08
  3.8044e-08  3.8044e-08  3.8044e-08  3.8044e-08  3.8044e-08  3.8044e-08
  3.8044e-08  3.8044e-08  3.8044e-08  3.8044e-08  3.8044e-08  3.8044e-08
  3.8044e-08  3.8044e-08  3.8044e-08  3.8044e-08  3.8044e-08  3.8044e-08
  3.8044e-08  3.8044e-08  3.8044e-08  3.8044e-08  3.8044e-08  3.8044e-08
  3.8044e-08  3.8044e-08  3.8044e-08  3.8044e-08  3.8044e-08  3.8044e-08
  3.8044e-08  3.8044e-08  3.8044e-08  3.8044e-08  3.8044e-08  3.8044e-08
  3.8044e-08  3.8044e-08  3.8044e-08  3.8044e-08  3.8044e-08  3.8044e-08
  3.8044e-08  3.8044e-08  3.8044e-08  3.8044e-08  3.8044e-08  3.8044e-08
  3.8044e-08  3.8044e-08  3.8044e-08  3.8044e-08  3.8044e-08  3.8044e-08
  3.8044e-08  3.8044e-08  3.8044e-08  3.8044e-08  3.8044e-08  3.8044e-08
  3.8044e-08  3.8044e-08  3.8044e-08  3.8044e-08  3.8044e-08  3.8044e-08
  3.8044e-08  3.8044e-08  3.8044e-08  3.8044e-08  3.8044e-08  1.0241e-07
  1.6675e-07  2.3112e-07  3.8615e-07  1.3106e-06  2.2351e-06  8.4458e-06
  1.4658e-05  2.0867e-05  3.1767e-05  5.2691e-05  7.3615e-05  8.2465e-05
  8.9986e-05  9.5648e-05  9.9291e-05  1.0123e-04  1.0218e-04  1.0266e-04
  1.0311e-04  1.0356e-04  1.0371e-04  1.0338e-04  1.0277e-04  1.0234e-04
  1.0221e-04  1.0221e-04  1.0221e-04  1.0221e-04  1.0221e-04  1.0221e-04
  1.0221e-04
# CCl4 profile (VMR-PPMV) for lat 10. degrees, month 07:
  3.8217e-08  3.8217e-08  3.8217e-08  3.8217e-08  3.8217e-08  3.8217e-08
  3.8217e-08  3.8217e-08  3.8217e-08  3.8217e-08  3.8217e-08  3.8217e-08
  3.8217e-08  3.8217e-08  3.8217e-08  3.8217e-08  3.8217e-08  3.8217e-08
  3.8217e-08  3.8217e-08  3.8217e-08  3.8217e-08  3.8217e-08  3.8217e-08
  3.8217e-08  3.8217e-08  3.8217e-08  3.8217e-08  3.8217e-08  3.8217e-08
  3.8217e-08  3.8217e-08  3.8217e-08  3.8217e-08  3.8217e-08  3.8217e-08
  3.8217e-08  3.8217e-08  3.8217e-08  3.8217e-08  3.8217e-08  3.8217e-08
  3.8217e-08  3.8217e-08  3.8217e-08  3.8217e-08  3.8217e-08  3.8217e-08
  3.8217e-08  3.8217e-08  3.8217e-08  3.8217e-08  3.8217e-08  3.8217e-08
  3.8217e-08  3.8217e-08  3.8217e-08  3.8217e-08  3.8217e-08  3.8217e-08
  3.8217e-08  3.8217e-08  3.8217e-08  3.8217e-08  3.8217e-08  3.8217e-08
  3.8217e-08  3.8217e-08  3.8217e-08  3.8217e-08  3.8217e-08  3.8217e-08
  3.8217e-08  3.8217e-08  3.8217e-08  3.8217e-08  3.8217e-08  3.8217e-08
  3.8217e-08  3.8217e-08  3.8217e-08  3.8217e-08  3.8217e-08  3.8217e-08
  3.8217e-08  3.8217e-08  3.8217e-08  3.8217e-08  3.8217e-08  1.0288e-07
  1.6750e-07  2.3217e-07  3.8790e-07  1.3166e-06  2.2452e-06  8.4841e-06
  1.4725e-05  2.0962e-05  3.1911e-05  5.2930e-05  7.3950e-05  8.2975e-05
  9.0810e-05  9.6722e-05  1.0045e-04  1.0239e-04  1.0336e-04  1.0405e-04
  1.0477e-04  1.0533e-04  1.0555e-04  1.0547e-04  1.0534e-04  1.0529e-04
  1.0529e-04  1.0529e-04  1.0529e-04  1.0529e-04  1.0529e-04  1.0529e-04
  1.0529e-04
# CCl4 profile (VMR-PPMV) for lat 45 degrees, month 07:
  2.7695e-08  2.7695e-08  2.7695e-08  2.7695e-08  2.7695e-08  2.7695e-08
  2.7695e-08  2.7695e-08  2.7695e-08  2.7695e-08  2.7695e-08  2.7695e-08
  2.7695e-08  2.7695e-08  2.7695e-08  2.7695e-08  2.7695e-08  2.7695e-08
  2.7695e-08  2.7695e-08  2.7695e-08  2.7695e-08  2.7695e-08  2.7695e-08
  2.7695e-08  2.7695e-08  2.7695e-08  2.7695e-08  2.7695e-08  2.7695e-08
  2.7695e-08  2.7695e-08  2.7695e-08  2.7695e-08  2.7695e-08  2.7695e-08
  2.7695e-08  2.7695e-08  2.7695e-08  2.7695e-08  2.7695e-08  2.7695e-08
  2.7695e-08  2.7695e-08  2.7695e-08  2.7695e-08  2.7695e-08  2.7695e-08
  2.7695e-08  2.7695e-08  2.7695e-08  2.7695e-08  2.7695e-08  2.7695e-08
  2.7695e-08  2.7695e-08  2.7695e-08  2.7695e-08  2.7695e-08  2.7695e-08
  2.7695e-08  2.7695e-08  2.7695e-08  2.7695e-08  2.7695e-08  2.7695e-08
  2.7695e-08  2.7695e-08  2.7695e-08  2.7695e-08  2.7695e-08  2.7695e-08
  2.7695e-08  2.7695e-08  2.7695e-08  2.7695e-08  2.7695e-08  2.7695e-08
  2.7695e-08  2.7695e-08  2.7695e-08  2.7695e-08  2.7695e-08  2.7695e-08
  2.7695e-08  2.7695e-08  2.7695e-08  2.7695e-08  2.7695e-08  7.4555e-08
  1.2139e-07  1.6825e-07  2.8110e-07  9.5409e-07  1.6271e-06  6.1483e-06
  1.0671e-05  1.5191e-05  2.3125e-05  3.8357e-05  5.3590e-05  6.3058e-05
  7.2041e-05  7.9611e-05  8.5509e-05  9.0088e-05  9.4046e-05  9.8239e-05
  1.0315e-04  1.0833e-04  1.1270e-04  1.1542e-04  1.1659e-04  1.1688e-04
  1.1690e-04  1.1690e-04  1.1690e-04  1.1690e-04  1.1690e-04  1.1690e-04
  1.1690e-04
# CCl4 profile (VMR-PPMV) for lat 75 degrees, month 07:
  2.0696e-08  2.0696e-08  2.0696e-08  2.0696e-08  2.0696e-08  2.0696e-08
  2.0696e-08  2.0696e-08  2.0696e-08  2.0696e-08  2.0696e-08  2.0696e-08
  2.0696e-08  2.0696e-08  2.0696e-08  2.0696e-08  2.0696e-08  2.0696e-08
  2.0696e-08  2.0696e-08  2.0696e-08  2.0696e-08  2.0696e-08  2.0696e-08
  2.0696e-08  2.0696e-08  2.0696e-08  2.0696e-08  2.0696e-08  2.0696e-08
  2.0696e-08  2.0696e-08  2.0696e-08  2.0696e-08  2.0696e-08  2.0696e-08
  2.0696e-08  2.0696e-08  2.0696e-08  2.0696e-08  2.0696e-08  2.0696e-08
  2.0696e-08  2.0696e-08  2.0696e-08  2.0696e-08  2.0696e-08  2.0696e-08
  2.0696e-08  2.0696e-08  2.0696e-08  2.0696e-08  2.0696e-08  2.0696e-08
  2.0696e-08  2.0696e-08  2.0696e-08  2.0696e-08  2.0696e-08  2.0696e-08
  2.0696e-08  2.0696e-08  2.0696e-08  2.0696e-08  2.0696e-08  2.0696e-08
  2.0696e-08  2.0696e-08  2.0696e-08  2.0696e-08  2.0696e-08  2.0696e-08
  2.0696e-08  2.0696e-08  2.0696e-08  2.0696e-08  2.0696e-08  2.0696e-08
  2.0696e-08  2.0696e-08  2.0696e-08  2.0696e-08  2.0696e-08  2.0696e-08
  2.0696e-08  2.0696e-08  2.0696e-08  2.0696e-08  2.0696e-08  5.5713e-08
  9.0710e-08  1.2573e-07  2.1006e-07  7.1297e-07  1.2159e-06  4.5945e-06
  7.9741e-06  1.1352e-05  1.7281e-05  2.8664e-05  4.0046e-05  4.8472e-05
  5.7463e-05  6.5766e-05  7.2669e-05  7.8237e-05  8.3373e-05  8.9651e-05
  9.8256e-05  1.0886e-04  1.1937e-04  1.2743e-04  1.3200e-04  1.3375e-04
  1.3413e-04  1.3413e-04  1.3413e-04  1.3413e-04  1.3413e-04  1.3413e-04
  1.3413e-04
# CCl4 profile (VMR-PPMV) for lat -75.0 degrees, month 07:
  8.6812e-09  8.6812e-09  8.6812e-09  8.6812e-09  8.6812e-09  8.6812e-09
  8.6812e-09  8.6812e-09  8.6812e-09  8.6812e-09  8.6812e-09  8.6812e-09
  8.6812e-09  8.6812e-09  8.6812e-09  8.6812e-09  8.6812e-09  8.6812e-09
  8.6812e-09  8.6812e-09  8.6812e-09  8.6812e-09  8.6812e-09  8.6812e-09
  8.6812e-09  8.6812e-09  8.6812e-09  8.6812e-09  8.6812e-09  8.6812e-09
  8.6812e-09  8.6812e-09  8.6812e-09  8.6812e-09  8.6812e-09  8.6812e-09
  8.6812e-09  8.6812e-09  8.6812e-09  8.6812e-09  8.6812e-09  8.6812e-09
  8.6812e-09  8.6812e-09  8.6812e-09  8.6812e-09  8.6812e-09  8.6812e-09
  8.6812e-09  8.6812e-09  8.6812e-09  8.6812e-09  8.6812e-09  8.6812e-09
  8.6812e-09  8.6812e-09  8.6812e-09  8.6812e-09  8.6812e-09  8.6812e-09
  8.6812e-09  8.6812e-09  8.6812e-09  8.6812e-09  8.6812e-09  8.6812e-09
  8.6812e-09  8.6812e-09  8.6812e-09  8.6812e-09  8.6812e-09  8.6812e-09
  8.6812e-09  8.6812e-09  8.6812e-09  8.6812e-09  8.6812e-09  8.6812e-09
  8.6812e-09  8.6812e-09  8.6812e-09  8.6812e-09  8.6812e-09  8.6812e-09
  8.6812e-09  8.6812e-09  8.6812e-09  8.6812e-09  8.6812e-09  2.3370e-08
  3.8050e-08  5.2738e-08  8.8114e-08  2.9907e-07  5.1002e-07  1.9272e-06
  3.3449e-06  4.7616e-06  7.2488e-06  1.2023e-05  1.6798e-05  1.9430e-05
  2.3295e-05  2.8950e-05  3.7368e-05  4.8504e-05  6.0673e-05  7.1516e-05
  7.9774e-05  8.5337e-05  8.8820e-05  9.0616e-05  9.1171e-05  9.1138e-05
  9.1007e-05  9.1002e-05  9.1002e-05  9.1002e-05  9.1002e-05  9.1002e-05
  9.1002e-05
# CCl4 profile (VMR-PPMV) for lat -45.0 degrees, month 07:
  1.6179e-08  1.6179e-08  1.6179e-08  1.6179e-08  1.6179e-08  1.6179e-08
  1.6179e-08  1.6179e-08  1.6179e-08  1.6179e-08  1.6179e-08  1.6179e-08
  1.6179e-08  1.6179e-08  1.6179e-08  1.6179e-08  1.6179e-08  1.6179e-08
  1.6179e-08  1.6179e-08  1.6179e-08  1.6179e-08  1.6179e-08  1.6179e-08
  1.6179e-08  1.6179e-08  1.6179e-08  1.6179e-08  1.6179e-08  1.6179e-08
  1.6179e-08  1.6179e-08  1.6179e-08  1.6179e-08  1.6179e-08  1.6179e-08
  1.6179e-08  1.6179e-08  1.6179e-08  1.6179e-08  1.6179e-08  1.6179e-08
  1.6179e-08  1.6179e-08  1.6179e-08  1.6179e-08  1.6179e-08  1.6179e-08
  1.6179e-08  1.6179e-08  1.6179e-08  1.6179e-08  1.6179e-08  1.6179e-08
  1.6179e-08  1.6179e-08  1.6179e-08  1.6179e-08  1.6179e-08  1.6179e-08
  1.6179e-08  1.6179e-08  1.6179e-08  1.6179e-08  1.6179e-08  1.6179e-08
  1.6179e-08  1.6179e-08  1.6179e-08  1.6179e-08  1.6179e-08  1.6179e-08
  1.6179e-08  1.6179e-08  1.6179e-08  1.6179e-08  1.6179e-08  1.6179e-08
  1.6179e-08  1.6179e-08  1.6179e-08  1.6179e-08  1.6179e-08  1.6179e-08
  1.6179e-08  1.6179e-08  1.6179e-08  1.6179e-08  1.6179e-08  4.3554e-08
  7.0913e-08  9.8289e-08  1.6422e-07  5.5737e-07  9.5053e-07  3.5918e-06
  6.2338e-06  8.8743e-06  1.3510e-05  2.2408e-05  3.1307e-05  3.5601e-05
  4.2357e-05  5.0289e-05  5.8132e-05  6.6232e-05  7.3877e-05  8.0663e-05
  8.6460e-05  9.1125e-05  9.4545e-05  9.6716e-05  9.7810e-05  9.8172e-05
  9.8203e-05  9.8199e-05  9.8199e-05  9.8199e-05  9.8199e-05  9.8199e-05
  9.8199e-05
# CCl4 profile (VMR-PPMV) for lat -10. degrees, month 07:
  3.8044e-08  3.8044e-08  3.8044e-08  3.8044e-08  3.8044e-08  3.8044e-08
  3.8044e-08  3.8044e-08  3.8044e-08  3.8044e-08  3.8044e-08  3.8044e-08
  3.8044e-08  3.8044e-08  3.8044e-08  3.8044e-08  3.8044e-08  3.8044e-08
  3.8044e-08  3.8044e-08  3.8044e-08  3.8044e-08  3.8044e-08  3.8044e-08
  3.8044e-08  3.8044e-08  3.8044e-08  3.8044e-08  3.8044e-08  3.8044e-08
  3.8044e-08  3.8044e-08  3.8044e-08  3.8044e-08  3.8044e-08  3.8044e-08
  3.8044e-08  3.8044e-08  3.8044e-08  3.8044e-08  3.8044e-08  3.8044e-08
  3.8044e-08  3.8044e-08  3.8044e-08  3.8044e-08  3.8044e-08  3.8044e-08
  3.8044e-08  3.8044e-08  3.8044e-08  3.8044e-08  3.8044e-08  3.8044e-08
  3.8044e-08  3.8044e-08  3.8044e-08  3.8044e-08  3.8044e-08  3.8044e-08
  3.8044e-08  3.8044e-08  3.8044e-08  3.8044e-08  3.8044e-08  3.8044e-08
  3.8044e-08  3.8044e-08  3.8044e-08  3.8044e-08  3.8044e-08  3.8044e-08
  3.8044e-08  3.8044e-08  3.8044e-08  3.8044e-08  3.8044e-08  3.8044e-08
  3.8044e-08  3.8044e-08  3.8044e-08  3.8044e-08  3.8044e-08  3.8044e-08
  3.8044e-08  3.8044e-08  3.8044e-08  3.8044e-08  3.8044e-08  1.0241e-07
  1.6675e-07  2.3112e-07  3.8615e-07  1.3106e-06  2.2351e-06  8.4458e-06
  1.4658e-05  2.0867e-05  3.1767e-05  5.2691e-05  7.3615e-05  8.2465e-05
  8.9986e-05  9.5648e-05  9.9291e-05  1.0123e-04  1.0218e-04  1.0266e-04
  1.0311e-04  1.0356e-04  1.0371e-04  1.0338e-04  1.0277e-04  1.0234e-04
  1.0221e-04  1.0221e-04  1.0221e-04  1.0221e-04  1.0221e-04  1.0221e-04
  1.0221e-04
# CCl4 profile (VMR-PPMV) for lat 10. degrees, month 07:
  3.8217e-08  3.8217e-08  3.8217e-08  3.8217e-08  3.8217e-08  3.8217e-08
  3.8217e-08  3.8217e-08  3.8217e-08  3.8217e-08  3.8217e-08  3.8217e-08
  3.8217e-08  3.8217e-08  3.8217e-08  3.8217e-08  3.8217e-08  3.8217e-08
  3.8217e-08  3.8217e-08  3.8217e-08  3.8217e-08  3.8217e-08  3.8217e-08
  3.8217e-08  3.8217e-08  3.8217e-08  3.8217e-08  3.8217e-08  3.8217e-08
  3.8217e-08  3.8217e-08  3.8217e-08  3.8217e-08  3.8217e-08  3.8217e-08
  3.8217e-08  3.8217e-08  3.8217e-08  3.8217e-08  3.8217e-08  3.8217e-08
  3.8217e-08  3.8217e-08  3.8217e-08  3.8217e-08  3.8217e-08  3.8217e-08
  3.8217e-08  3.8217e-08  3.8217e-08  3.8217e-08  3.8217e-08  3.8217e-08
  3.8217e-08  3.8217e-08  3.8217e-08  3.8217e-08  3.8217e-08  3.8217e-08
  3.8217e-08  3.8217e-08  3.8217e-08  3.8217e-08  3.8217e-08  3.8217e-08
  3.8217e-08  3.8217e-08  3.8217e-08  3.8217e-08  3.8217e-08  3.8217e-08
  3.8217e-08  3.8217e-08  3.8217e-08  3.8217e-08  3.8217e-08  3.8217e-08
  3.8217e-08  3.8217e-08  3.8217e-08  3.8217e-08  3.8217e-08  3.8217e-08
  3.8217e-08  3.8217e-08  3.8217e-08  3.8217e-08  3.8217e-08  1.0288e-07
  1.6750e-07  2.3217e-07  3.8790e-07  1.3166e-06  2.2452e-06  8.4841e-06
  1.4725e-05  2.0962e-05  3.1911e-05  5.2930e-05  7.3950e-05  8.2975e-05
  9.0810e-05  9.6722e-05  1.0045e-04  1.0239e-04  1.0336e-04  1.0405e-04
  1.0477e-04  1.0533e-04  1.0555e-04  1.0547e-04  1.0534e-04  1.0529e-04
  1.0529e-04  1.0529e-04  1.0529e-04  1.0529e-04  1.0529e-04  1.0529e-04
  1.0529e-04
# CCl4 profile (VMR-PPMV) for lat 45 degrees, month 07:
  2.7695e-08  2.7695e-08  2.7695e-08  2.7695e-08  2.7695e-08  2.7695e-08
  2.7695e-08  2.7695e-08  2.7695e-08  2.7695e-08  2.7695e-08  2.7695e-08
  2.7695e-08  2.7695e-08  2.7695e-08  2.7695e-08  2.7695e-08  2.7695e-08
  2.7695e-08  2.7695e-08  2.7695e-08  2.7695e-08  2.7695e-08  2.7695e-08
  2.7695e-08  2.7695e-08  2.7695e-08  2.7695e-08  2.7695e-08  2.7695e-08
  2.7695e-08  2.7695e-08  2.7695e-08  2.7695e-08  2.7695e-08  2.7695e-08
  2.7695e-08  2.7695e-08  2.7695e-08  2.7695e-08  2.7695e-08  2.7695e-08
  2.7695e-08  2.7695e-08  2.7695e-08  2.7695e-08  2.7695e-08  2.7695e-08
  2.7695e-08  2.7695e-08  2.7695e-08  2.7695e-08  2.7695e-08  2.7695e-08
  2.7695e-08  2.7695e-08  2.7695e-08  2.7695e-08  2.7695e-08  2.7695e-08
  2.7695e-08  2.7695e-08  2.7695e-08  2.7695e-08  2.7695e-08  2.7695e-08
  2.7695e-08  2.7695e-08  2.7695e-08  2.7695e-08  2.7695e-08  2.7695e-08
  2.7695e-08  2.7695e-08  2.7695e-08  2.7695e-08  2.7695e-08  2.7695e-08
  2.7695e-08  2.7695e-08  2.7695e-08  2.7695e-08  2.7695e-08  2.7695e-08
  2.7695e-08  2.7695e-08  2.7695e-08  2.7695e-08  2.7695e-08  7.4555e-08
  1.2139e-07  1.6825e-07  2.8110e-07  9.5409e-07  1.6271e-06  6.1483e-06
  1.0671e-05  1.5191e-05  2.3125e-05  3.8357e-05  5.3590e-05  6.3058e-05
  7.2041e-05  7.9611e-05  8.5509e-05  9.0088e-05  9.4046e-05  9.8239e-05
  1.0315e-04  1.0833e-04  1.1270e-04  1.1542e-04  1.1659e-04  1.1688e-04
  1.1690e-04  1.1690e-04  1.1690e-04  1.1690e-04  1.1690e-04  1.1690e-04
  1.1690e-04
# CCl4 profile (VMR-PPMV) for lat 75 degrees, month 07:
  2.0696e-08  2.0696e-08  2.0696e-08  2.0696e-08  2.0696e-08  2.0696e-08
  2.0696e-08  2.0696e-08  2.0696e-08  2.0696e-08  2.0696e-08  2.0696e-08
  2.0696e-08  2.0696e-08  2.0696e-08  2.0696e-08  2.0696e-08  2.0696e-08
  2.0696e-08  2.0696e-08  2.0696e-08  2.0696e-08  2.0696e-08  2.0696e-08
  2.0696e-08  2.0696e-08  2.0696e-08  2.0696e-08  2.0696e-08  2.0696e-08
  2.0696e-08  2.0696e-08  2.0696e-08  2.0696e-08  2.0696e-08  2.0696e-08
  2.0696e-08  2.0696e-08  2.0696e-08  2.0696e-08  2.0696e-08  2.0696e-08
  2.0696e-08  2.0696e-08  2.0696e-08  2.0696e-08  2.0696e-08  2.0696e-08
  2.0696e-08  2.0696e-08  2.0696e-08  2.0696e-08  2.0696e-08  2.0696e-08
  2.0696e-08  2.0696e-08  2.0696e-08  2.0696e-08  2.0696e-08  2.0696e-08
  2.0696e-08  2.0696e-08  2.0696e-08  2.0696e-08  2.0696e-08  2.0696e-08
  2.0696e-08  2.0696e-08  2.0696e-08  2.0696e-08  2.0696e-08  2.0696e-08
  2.0696e-08  2.0696e-08  2.0696e-08  2.0696e-08  2.0696e-08  2.0696e-08
  2.0696e-08  2.0696e-08  2.0696e-08  2.0696e-08  2.0696e-08  2.0696e-08
  2.0696e-08  2.0696e-08  2.0696e-08  2.0696e-08  2.0696e-08  5.5713e-08
  9.0710e-08  1.2573e-07  2.1006e-07  7.1297e-07  1.2159e-06  4.5945e-06
  7.9741e-06  1.1352e-05  1.7281e-05  2.8664e-05  4.0046e-05  4.8472e-05
  5.7463e-05  6.5766e-05  7.2669e-05  7.8237e-05  8.3373e-05  8.9651e-05
  9.8256e-05  1.0886e-04  1.1937e-04  1.2743e-04  1.3200e-04  1.3375e-04
  1.3413e-04  1.3413e-04  1.3413e-04  1.3413e-04  1.3413e-04  1.3413e-04
  1.3413e-04
# Last line of file.
