21-JAN-2014 12:02:15.000000
# V5 INTERIM FILE generated by J.J. Remedios and H. Sembhi
# HITRAN code of the gas:
 18
# DN:
1 1 1 1 1 1
# ClO profile (VMR-PPMV) for lat -75.0 degrees, month 10:
  3.0650e-11  4.5460e-11  6.7360e-11  9.9670e-11  1.4720e-10  2.1690e-10
  3.1860e-10  4.6630e-10  6.7970e-10  9.8570e-10  1.4210e-09  2.0360e-09
  2.8950e-09  4.0810e-09  5.6990e-09  7.8760e-09  1.0760e-08  1.4530e-08
  1.9360e-08  2.5460e-08  3.3010e-08  4.2190e-08  5.3150e-08  6.6010e-08
  8.0840e-08  9.7680e-08  1.1650e-07  1.3730e-07  1.6000e-07  1.8460e-07
  2.1110e-07  2.3950e-07  2.7000e-07  3.0260e-07  3.3760e-07  3.7540e-07
  4.1630e-07  4.6100e-07  5.1010e-07  5.6430e-07  6.2470e-07  6.9260e-07
  7.6940e-07  8.5730e-07  9.5840e-07  1.1202e-06  1.2797e-06  1.4763e-06
  1.7223e-06  2.0278e-06  2.4155e-06  2.9088e-06  3.5346e-06  4.3237e-06
  5.3090e-06  6.5259e-06  8.0148e-06  9.8210e-06  1.2000e-05  1.4621e-05
  1.7766e-05  2.1542e-05  2.6078e-05  3.1525e-05  3.8051e-05  4.5838e-05
  5.5079e-05  6.5967e-05  7.8706e-05  9.3462e-05  1.1036e-04  1.2948e-04
  1.5077e-04  1.7409e-04  1.9912e-04  2.2538e-04  2.5218e-04  2.7873e-04
  3.0411e-04  3.2993e-04  3.4891e-04  3.6069e-04  4.0857e-04  3.8822e-04
  3.6888e-04  3.4567e-04  3.0964e-04  2.7737e-04  2.3788e-04  1.7457e-04
  1.2810e-04  1.1801e-04  1.5551e-04  1.8702e-04  2.0799e-04  2.2062e-04
  2.2295e-04  2.1419e-04  1.9817e-04  1.6838e-04  1.4410e-04  1.1980e-04
  9.2800e-05  7.6660e-05  6.1980e-05  4.9210e-05  3.8330e-05  2.9430e-05
  2.2470e-05  1.6990e-05  1.2550e-05  8.9850e-06  6.0330e-06  3.7420e-06
  2.7290e-06  1.8610e-06  1.1860e-06  7.3000e-07  4.4620e-07  2.8150e-07
  2.0330e-07
# ClO profile (VMR-PPMV) for lat -45.0 degrees, month 10:
  3.0630e-11  4.5420e-11  6.7290e-11  9.9550e-11  1.4700e-10  2.1650e-10
  3.1790e-10  4.6520e-10  6.7760e-10  9.8220e-10  1.4150e-09  2.0260e-09
  2.8770e-09  4.0520e-09  5.6510e-09  7.7980e-09  1.0640e-08  1.4330e-08
  1.9060e-08  2.5000e-08  3.2330e-08  4.1210e-08  5.1750e-08  6.4060e-08
  7.8170e-08  9.4090e-08  1.1180e-07  1.3120e-07  1.5220e-07  1.7490e-07
  1.9910e-07  2.2490e-07  2.5240e-07  2.8170e-07  3.1310e-07  3.4690e-07
  3.8350e-07  4.2340e-07  4.6740e-07  5.1640e-07  5.7130e-07  6.3380e-07
  7.0550e-07  7.8880e-07  8.8660e-07  1.0564e-06  1.2255e-06  1.4412e-06
  1.7205e-06  2.0780e-06  2.5451e-06  3.1542e-06  3.9439e-06  4.9583e-06
  6.2455e-06  7.8574e-06  9.8486e-06  1.2282e-05  1.5225e-05  1.8778e-05
  2.3056e-05  2.8184e-05  3.4297e-05  4.1537e-05  5.0057e-05  6.0019e-05
  7.1557e-05  8.4770e-05  9.9770e-05  1.1666e-04  1.3556e-04  1.5658e-04
  1.7979e-04  2.0509e-04  2.3228e-04  2.6089e-04  2.9017e-04  3.1913e-04
  3.5137e-04  3.7884e-04  4.0114e-04  4.5707e-04  4.5155e-04  4.4609e-04
  4.0817e-04  3.5898e-04  3.1571e-04  3.0973e-04  3.0856e-04  2.9134e-04
  2.4309e-04  2.0284e-04  1.5474e-04  1.1827e-04  1.0052e-04  1.0348e-04
  1.0208e-04  9.6543e-05  8.7728e-05  6.9072e-05  5.8975e-05  4.8944e-05
  3.4890e-05  2.7410e-05  2.0960e-05  1.5590e-05  1.1220e-05  7.8630e-06
  5.4400e-06  3.6920e-06  2.4330e-06  1.5680e-06  1.0090e-06  6.4440e-07
  4.6710e-07  3.2350e-07  2.2240e-07  1.5420e-07  1.0970e-07  8.1740e-08
  6.4030e-08
# ClO profile (VMR-PPMV) for lat -10. degrees, month 10:
  3.0610e-11  4.5370e-11  6.7210e-11  9.9400e-11  1.4670e-10  2.1600e-10
  3.1710e-10  4.6360e-10  6.7500e-10  9.7760e-10  1.4070e-09  2.0120e-09
  2.8540e-09  4.0130e-09  5.5870e-09  7.6940e-09  1.0470e-08  1.4070e-08
  1.8660e-08  2.4390e-08  3.1430e-08  3.9900e-08  4.9890e-08  6.1460e-08
  7.4630e-08  8.9350e-08  1.0550e-07  1.2310e-07  1.4200e-07  1.6210e-07
  1.8340e-07  2.0580e-07  2.2940e-07  2.5440e-07  2.8080e-07  3.0910e-07
  3.3950e-07  3.7260e-07  4.0890e-07  4.4930e-07  4.9470e-07  5.4650e-07
  6.0620e-07  6.7590e-07  7.5860e-07  9.0771e-07  1.0569e-06  1.2499e-06
  1.5029e-06  1.8311e-06  2.2650e-06  2.8383e-06  3.5913e-06  4.5715e-06
  5.8304e-06  7.4238e-06  9.4080e-06  1.1842e-05  1.4790e-05  1.8343e-05
  2.2591e-05  2.7629e-05  3.3548e-05  4.0438e-05  4.8409e-05  5.7554e-05
  6.7913e-05  7.9475e-05  9.2219e-05  1.0614e-04  1.2123e-04  1.3751e-04
  1.5493e-04  1.7338e-04  1.9283e-04  2.1309e-04  2.3389e-04  2.6435e-04
  2.9331e-04  3.2042e-04  3.8401e-04  3.8471e-04  3.8540e-04  3.7952e-04
  3.3746e-04  3.0007e-04  2.7296e-04  2.6513e-04  2.5753e-04  2.4032e-04
  2.1817e-04  1.9806e-04  1.7127e-04  1.4601e-04  1.2057e-04  9.5637e-05
  7.4262e-05  5.1085e-05  3.4780e-05  3.0544e-05  2.1638e-05  1.5659e-05
  6.1200e-06  4.1120e-06  2.7460e-06  1.7610e-06  1.0610e-06  6.3230e-07
  3.8190e-07  2.3990e-07  1.5210e-07  9.7680e-08  6.6880e-08  5.0420e-08
  4.3250e-08  3.8940e-08  3.6050e-08  3.3380e-08  3.0480e-08  2.7280e-08
  2.4970e-08
# ClO profile (VMR-PPMV) for lat 10. degrees, month 10:
  3.0610e-11  4.5380e-11  6.7210e-11  9.9400e-11  1.4670e-10  2.1600e-10
  3.1710e-10  4.6370e-10  6.7510e-10  9.7770e-10  1.4080e-09  2.0130e-09
  2.8550e-09  4.0140e-09  5.5890e-09  7.6980e-09  1.0480e-08  1.4080e-08
  1.8670e-08  2.4420e-08  3.1460e-08  3.9940e-08  4.9960e-08  6.1560e-08
  7.4750e-08  8.9520e-08  1.0580e-07  1.2340e-07  1.4240e-07  1.6260e-07
  1.8390e-07  2.0640e-07  2.3010e-07  2.5520e-07  2.8180e-07  3.1010e-07
  3.4070e-07  3.7390e-07  4.1040e-07  4.5080e-07  4.9630e-07  5.4800e-07
  6.0760e-07  6.7710e-07  7.5930e-07  9.0639e-07  1.0535e-06  1.2432e-06
  1.4913e-06  1.8121e-06  2.2352e-06  2.7925e-06  3.5216e-06  4.4659e-06
  5.6714e-06  7.1856e-06  9.0564e-06  1.1332e-05  1.4066e-05  1.7335e-05
  2.1218e-05  2.5800e-05  3.1167e-05  3.7441e-05  4.4781e-05  5.3348e-05
  6.3266e-05  7.4592e-05  8.7339e-05  1.0152e-04  1.1711e-04  1.3388e-04
  1.5154e-04  1.6972e-04  1.8806e-04  2.0632e-04  2.2419e-04  2.4521e-04
  2.6132e-04  2.7210e-04  3.1762e-04  2.9880e-04  2.8109e-04  2.6374e-04
  2.4404e-04  2.2582e-04  2.1951e-04  2.4257e-04  2.6807e-04  2.5698e-04
  2.2562e-04  1.9808e-04  1.6051e-04  1.3088e-04  1.0850e-04  9.0505e-05
  7.4183e-05  5.5959e-05  4.1969e-05  3.6563e-05  2.7963e-05  2.1780e-05
  1.1870e-05  9.6470e-06  8.0180e-06  6.7530e-06  5.6500e-06  4.5720e-06
  3.4630e-06  2.4060e-06  1.4860e-06  8.6570e-07  5.1030e-07  3.0950e-07
  2.1330e-07  1.5420e-07  1.2150e-07  1.0430e-07  9.3330e-08  8.2960e-08
  7.5510e-08
# ClO profile (VMR-PPMV) for lat 45 degrees, month 10:
  3.0650e-11  4.5450e-11  6.7340e-11  9.9630e-11  1.4710e-10  2.1680e-10
  3.1840e-10  4.6600e-10  6.7910e-10  9.8470e-10  1.4200e-09  2.0330e-09
  2.8890e-09  4.0720e-09  5.6840e-09  7.8520e-09  1.0720e-08  1.4470e-08
  1.9270e-08  2.5320e-08  3.2800e-08  4.1880e-08  5.2710e-08  6.5390e-08
  7.9980e-08  9.6510e-08  1.1500e-07  1.3530e-07  1.5740e-07  1.8130e-07
  2.0700e-07  2.3440e-07  2.6360e-07  2.9480e-07  3.2820e-07  3.6410e-07
  4.0280e-07  4.4480e-07  4.9060e-07  5.4110e-07  5.9690e-07  6.5910e-07
  7.2910e-07  8.0840e-07  8.9880e-07  1.0383e-06  1.1759e-06  1.3443e-06
  1.5547e-06  1.8173e-06  2.1546e-06  2.5916e-06  3.1589e-06  3.8937e-06
  4.8380e-06  6.0385e-06  7.5446e-06  9.4113e-06  1.1696e-05  1.4479e-05
  1.7862e-05  2.1965e-05  2.6934e-05  3.2949e-05  4.0255e-05  4.9165e-05
  6.0009e-05  7.3130e-05  8.8912e-05  1.0773e-04  1.2990e-04  1.5556e-04
  1.8454e-04  2.1633e-04  2.5009e-04  2.8458e-04  3.1821e-04  3.4921e-04
  3.8197e-04  4.0555e-04  4.1997e-04  4.8537e-04  4.5607e-04  4.2855e-04
  3.8746e-04  3.3452e-04  2.8882e-04  2.5948e-04  2.3629e-04  2.1688e-04
  2.0499e-04  1.9374e-04  1.8068e-04  1.6512e-04  1.4724e-04  1.2490e-04
  1.0454e-04  8.4529e-05  6.6798e-05  5.5752e-05  4.4498e-05  3.5323e-05
  2.2030e-05  1.6760e-05  1.2700e-05  9.6110e-06  7.2550e-06  5.4360e-06
  4.0150e-06  2.9000e-06  2.0550e-06  1.4240e-06  9.8450e-07  6.6340e-07
  4.8930e-07  3.5150e-07  2.5410e-07  1.8580e-07  1.3860e-07  1.0730e-07
  8.6390e-08
# ClO profile (VMR-PPMV) for lat 75 degrees, month 10:
  3.1040e-11  4.6150e-11  6.8580e-11  1.0190e-10  1.5110e-10  2.2380e-10
  3.3090e-10  4.8810e-10  7.1800e-10  1.0530e-09  1.5380e-09  2.2370e-09
  3.2390e-09  4.6620e-09  6.6710e-09  9.4810e-09  1.3380e-08  1.8720e-08
  2.5980e-08  3.5750e-08  4.8730e-08  6.5810e-08  8.8040e-08  1.1670e-07
  1.5320e-07  1.9930e-07  2.5710e-07  3.2900e-07  4.1760e-07  5.2640e-07
  6.5910e-07  8.2030e-07  1.0150e-06  1.2510e-06  1.5330e-06  1.8720e-06
  2.2750e-06  2.7550e-06  3.3220e-06  3.9880e-06  4.7650e-06  5.6620e-06
  6.6860e-06  7.8390e-06  9.1090e-06  1.0551e-05  1.1877e-05  1.3198e-05
  1.4491e-05  1.5737e-05  1.6969e-05  1.8232e-05  1.9583e-05  2.1095e-05
  2.2847e-05  2.4916e-05  2.7383e-05  3.0322e-05  3.3809e-05  3.7915e-05
  4.2721e-05  4.8329e-05  5.4876e-05  6.2535e-05  7.1526e-05  8.2114e-05
  9.4642e-05  1.0948e-04  1.2703e-04  1.4764e-04  1.7146e-04  1.9846e-04
  2.2815e-04  2.5951e-04  2.9100e-04  3.2068e-04  3.4626e-04  3.6563e-04
  3.7721e-04  3.7997e-04  3.9652e-04  4.0066e-04  3.9556e-04  4.9202e-04
  4.0352e-04  3.3094e-04  2.8299e-04  2.4242e-04  2.1870e-04  2.0891e-04
  1.9710e-04  1.6667e-04  1.3593e-04  1.0282e-04  7.6039e-05  6.3191e-05
  6.4554e-05  6.3429e-05  5.7511e-05  3.8923e-05  3.3366e-05  2.7367e-05
  1.6760e-05  1.3930e-05  1.1280e-05  8.8830e-06  6.8170e-06  5.1030e-06
  3.7620e-06  2.7260e-06  1.9730e-06  1.4780e-06  1.2100e-06  9.6640e-07
  8.2990e-07  6.8370e-07  5.5300e-07  4.5110e-07  3.6350e-07  2.7110e-07
  1.9840e-07
# ClO profile (VMR-PPMV) for lat -75.0 degrees, month 10:
  3.1170e-11  4.6380e-11  6.9010e-11  1.0260e-10  1.5250e-10  2.2630e-10
  3.3530e-10  4.9600e-10  7.3190e-10  1.0770e-09  1.5810e-09  2.3120e-09
  3.3680e-09  4.8850e-09  7.0490e-09  1.0120e-08  1.4430e-08  2.0460e-08
  2.8810e-08  4.0270e-08  5.5870e-08  7.6930e-08  1.0510e-07  1.4250e-07
  1.9180e-07  2.5620e-07  3.3980e-07  4.4750e-07  5.8570e-07  7.6200e-07
  9.8580e-07  1.2690e-06  1.6250e-06  2.0710e-06  2.6290e-06  3.3240e-06
  4.1850e-06  5.2460e-06  6.5450e-06  8.1250e-06  1.0030e-05  1.2300e-05
  1.4960e-05  1.8050e-05  2.1530e-05  2.5657e-05  2.9385e-05  3.3100e-05
  3.6698e-05  4.0055e-05  4.3218e-05  4.6209e-05  4.9083e-05  5.1920e-05
  5.4790e-05  5.7758e-05  6.0875e-05  6.4193e-05  6.7772e-05  7.1690e-05
  7.6051e-05  8.0988e-05  8.6643e-05  9.3180e-05  1.0074e-04  1.0948e-04
  1.1949e-04  1.3083e-04  1.4356e-04  1.5762e-04  1.7296e-04  1.8941e-04
  2.0673e-04  2.2461e-04  2.4265e-04  2.6034e-04  2.7707e-04  2.9219e-04
  3.0504e-04  3.2524e-04  3.4128e-04  3.5346e-04  4.0857e-04  3.8822e-04
  3.6888e-04  3.4567e-04  3.0964e-04  2.7737e-04  2.3788e-04  1.7457e-04
  1.2810e-04  1.1801e-04  1.4105e-04  1.5872e-04  1.6713e-04  1.6902e-04
  1.6290e-04  1.4809e-04  1.2813e-04  9.8911e-05  7.6206e-05  5.6186e-05
  3.4570e-05  2.8030e-05  2.2420e-05  1.7830e-05  1.4060e-05  1.0980e-05
  8.5600e-06  6.6540e-06  5.1010e-06  3.7980e-06  2.6380e-06  1.7570e-06
  1.3670e-06  1.0000e-06  6.9380e-07  4.6970e-07  3.2130e-07  2.3310e-07
  1.9130e-07
# ClO profile (VMR-PPMV) for lat -45.0 degrees, month 10:
  3.1320e-11  4.6660e-11  6.9510e-11  1.0350e-10  1.5410e-10  2.2910e-10
  3.4040e-10  5.0500e-10  7.4800e-10  1.1060e-09  1.6310e-09  2.4000e-09
  3.5210e-09  5.1480e-09  7.5010e-09  1.0880e-08  1.5720e-08  2.2610e-08
  3.2340e-08  4.6030e-08  6.5140e-08  9.1660e-08  1.2830e-07  1.7840e-07
  2.4680e-07  3.3950e-07  4.6440e-07  6.3190e-07  8.5560e-07  1.1530e-06
  1.5470e-06  2.0650e-06  2.7470e-06  3.6370e-06  4.7970e-06  6.2990e-06
  8.2350e-06  1.0710e-05  1.3860e-05  1.7820e-05  2.2740e-05  2.8770e-05
  3.6050e-05  4.4640e-05  5.4450e-05  6.5937e-05  7.6032e-05  8.5729e-05
  9.4587e-05  1.0216e-04  1.0854e-04  1.1377e-04  1.1802e-04  1.2155e-04
  1.2456e-04  1.2722e-04  1.2963e-04  1.3190e-04  1.3408e-04  1.3629e-04
  1.3865e-04  1.4130e-04  1.4438e-04  1.4796e-04  1.5212e-04  1.5689e-04
  1.6224e-04  1.6809e-04  1.7433e-04  1.8080e-04  1.8730e-04  1.9360e-04
  1.9940e-04  2.0429e-04  2.0776e-04  2.0925e-04  2.0814e-04  2.0388e-04
  2.3805e-04  2.7696e-04  3.2230e-04  4.5707e-04  4.5155e-04  4.4609e-04
  4.0817e-04  3.5898e-04  3.1571e-04  3.0973e-04  3.0856e-04  2.9134e-04
  2.4309e-04  2.0284e-04  1.3387e-04  8.2268e-05  5.4435e-05  5.1358e-05
  4.7063e-05  4.1076e-05  3.3493e-05  1.7711e-05  1.3538e-05  9.6500e-06
  6.1220e-07  7.4040e-07  8.8890e-07  9.3950e-07  8.8230e-07  7.5260e-07
  6.0450e-07  4.5260e-07  3.3210e-07  2.4890e-07  1.9440e-07  1.5260e-07
  1.2890e-07  1.0720e-07  9.2120e-08  8.0830e-08  6.9190e-08  5.7370e-08
  4.6120e-08
# ClO profile (VMR-PPMV) for lat -10. degrees, month 10:
  3.1300e-11  4.6620e-11  6.9440e-11  1.0340e-10  1.5390e-10  2.2880e-10
  3.3970e-10  5.0380e-10  7.4580e-10  1.1020e-09  1.6240e-09  2.3880e-09
  3.5000e-09  5.1120e-09  7.4380e-09  1.0780e-08  1.5540e-08  2.2300e-08
  3.1840e-08  4.5200e-08  6.3800e-08  8.9520e-08  1.2480e-07  1.7310e-07
  2.3850e-07  3.2670e-07  4.4510e-07  6.0300e-07  8.1270e-07  1.0900e-06
  1.4540e-06  1.9320e-06  2.5560e-06  3.3670e-06  4.4170e-06  5.7690e-06
  7.5010e-06  9.7040e-06  1.2490e-05  1.5970e-05  2.0270e-05  2.5510e-05
  3.1800e-05  3.9170e-05  4.7560e-05  5.7190e-05  6.5679e-05  7.3793e-05
  8.1182e-05  8.7560e-05  9.3025e-05  9.7695e-05  1.0177e-04  1.0546e-04
  1.0897e-04  1.1241e-04  1.1582e-04  1.1919e-04  1.2246e-04  1.2565e-04
  1.2879e-04  1.3190e-04  1.3503e-04  1.3822e-04  1.4148e-04  1.4479e-04
  1.4811e-04  1.5131e-04  1.5420e-04  1.5662e-04  1.5836e-04  1.5920e-04
  1.5891e-04  1.5725e-04  1.5398e-04  1.4892e-04  1.4194e-04  1.7339e-04
  2.1114e-04  2.5666e-04  3.8401e-04  3.8471e-04  3.8540e-04  3.7952e-04
  3.3746e-04  3.0007e-04  2.7296e-04  2.6513e-04  2.5753e-04  2.4032e-04
  2.1817e-04  1.9806e-04  1.5547e-04  1.2008e-04  8.9416e-05  6.3259e-05
  4.3513e-05  2.3775e-05  1.1882e-05  1.1324e-05  6.7228e-06  4.2867e-06
  1.6880e-08  2.0040e-08  2.4060e-08  2.8800e-08  3.4680e-08  4.4120e-08
  5.6540e-08  6.0910e-08  5.1900e-08  4.1330e-08  3.4540e-08  3.0910e-08
  2.9620e-08  2.8860e-08  2.8160e-08  2.7230e-08  2.5970e-08  2.4280e-08
  2.3020e-08
# ClO profile (VMR-PPMV) for lat 10. degrees, month 10:
  3.1300e-11  4.6620e-11  6.9440e-11  1.0340e-10  1.5390e-10  2.2870e-10
  3.3970e-10  5.0380e-10  7.4580e-10  1.1020e-09  1.6240e-09  2.3880e-09
  3.5000e-09  5.1120e-09  7.4380e-09  1.0780e-08  1.5540e-08  2.2300e-08
  3.1840e-08  4.5200e-08  6.3790e-08  8.9500e-08  1.2480e-07  1.7300e-07
  2.3840e-07  3.2670e-07  4.4500e-07  6.0280e-07  8.1230e-07  1.0890e-06
  1.4540e-06  1.9310e-06  2.5550e-06  3.3650e-06  4.4130e-06  5.7630e-06
  7.4920e-06  9.6920e-06  1.2470e-05  1.5940e-05  2.0230e-05  2.5450e-05
  3.1720e-05  3.9060e-05  4.7400e-05  5.6933e-05  6.5330e-05  7.3328e-05
  8.0580e-05  8.6785e-05  9.2043e-05  9.6466e-05  1.0023e-04  1.0355e-04
  1.0662e-04  1.0951e-04  1.1227e-04  1.1487e-04  1.1728e-04  1.1953e-04
  1.2165e-04  1.2371e-04  1.2577e-04  1.2793e-04  1.3032e-04  1.3302e-04
  1.3604e-04  1.3928e-04  1.4255e-04  1.4557e-04  1.4806e-04  1.4960e-04
  1.4976e-04  1.4817e-04  1.4452e-04  1.3871e-04  1.3081e-04  1.5394e-04
  1.7967e-04  2.0913e-04  3.1762e-04  2.9880e-04  2.8109e-04  2.6374e-04
  2.4404e-04  2.2582e-04  2.1951e-04  2.4257e-04  2.6807e-04  2.5698e-04
  2.2562e-04  1.9808e-04  1.4460e-04  1.0370e-04  7.4419e-05  5.3488e-05
  3.7382e-05  2.1612e-05  1.1557e-05  1.0105e-05  6.2083e-06  4.0135e-06
  4.2370e-08  5.8570e-08  8.5240e-08  1.3380e-07  2.1640e-07  3.4820e-07
  5.0670e-07  5.5650e-07  4.5710e-07  3.3630e-07  2.4520e-07  1.8130e-07
  1.4560e-07  1.2420e-07  1.1360e-07  1.0770e-07  1.0200e-07  9.4700e-08
  8.9250e-08
# ClO profile (VMR-PPMV) for lat 45 degrees, month 10:
  3.1320e-11  4.6660e-11  6.9510e-11  1.0350e-10  1.5410e-10  2.2920e-10
  3.4040e-10  5.0510e-10  7.4820e-10  1.1060e-09  1.6320e-09  2.4010e-09
  3.5220e-09  5.1510e-09  7.5050e-09  1.0890e-08  1.5740e-08  2.2630e-08
  3.2380e-08  4.6090e-08  6.5240e-08  9.1830e-08  1.2850e-07  1.7880e-07
  2.4740e-07  3.4040e-07  4.6580e-07  6.3410e-07  8.5890e-07  1.1580e-06
  1.5530e-06  2.0750e-06  2.7600e-06  3.6570e-06  4.8230e-06  6.3350e-06
  8.2830e-06  1.0780e-05  1.3940e-05  1.7920e-05  2.2870e-05  2.8930e-05
  3.6230e-05  4.4820e-05  5.4630e-05  6.5969e-05  7.5910e-05  8.5371e-05
  9.3884e-05  1.0101e-04  1.0682e-04  1.1137e-04  1.1486e-04  1.1754e-04
  1.1962e-04  1.2130e-04  1.2269e-04  1.2387e-04  1.2491e-04  1.2588e-04
  1.2688e-04  1.2804e-04  1.2951e-04  1.3143e-04  1.3400e-04  1.3738e-04
  1.4167e-04  1.4696e-04  1.5320e-04  1.6025e-04  1.6783e-04  1.7548e-04
  1.8252e-04  1.8808e-04  1.9124e-04  1.9112e-04  1.8699e-04  1.7848e-04
  2.1835e-04  2.6148e-04  3.0996e-04  4.8537e-04  4.5607e-04  4.2855e-04
  3.8746e-04  3.3452e-04  2.8882e-04  2.5948e-04  2.3629e-04  2.1688e-04
  2.0499e-04  1.9374e-04  1.6349e-04  1.3559e-04  1.0958e-04  8.2673e-05
  6.0639e-05  4.1267e-05  2.5892e-05  1.8264e-05  1.2213e-05  8.0653e-06
  1.5950e-08  2.3230e-08  3.5560e-08  5.5220e-08  8.4260e-08  1.2230e-07
  1.6470e-07  1.9840e-07  2.0890e-07  1.9340e-07  1.7560e-07  1.5050e-07
  1.2940e-07  1.0930e-07  9.4150e-08  8.1000e-08  6.9220e-08  5.9370e-08
  4.9870e-08
# ClO profile (VMR-PPMV) for lat 75 degrees, month 10:
  3.1360e-11  4.6730e-11  6.9630e-11  1.0370e-10  1.5450e-10  2.2980e-10
  3.4160e-10  5.0720e-10  7.5200e-10  1.1130e-09  1.6440e-09  2.4220e-09
  3.5590e-09  5.2140e-09  7.6150e-09  1.1080e-08  1.6050e-08  2.3160e-08
  3.3270e-08  4.7550e-08  6.7610e-08  9.5650e-08  1.3460e-07  1.8840e-07
  2.6240e-07  3.6350e-07  5.0100e-07  6.8720e-07  9.3820e-07  1.2750e-06
  1.7260e-06  2.3250e-06  3.1210e-06  4.1710e-06  5.5520e-06  7.3590e-06
  9.7090e-06  1.2750e-05  1.6640e-05  2.1570e-05  2.7750e-05  3.5390e-05
  4.4650e-05  5.5630e-05  6.8240e-05  8.2973e-05  9.5833e-05  1.0805e-04
  1.1898e-04  1.2799e-04  1.3515e-04  1.4047e-04  1.4419e-04  1.4664e-04
  1.4816e-04  1.4903e-04  1.4949e-04  1.4971e-04  1.4985e-04  1.5002e-04
  1.5038e-04  1.5108e-04  1.5230e-04  1.5422e-04  1.5703e-04  1.6094e-04
  1.6613e-04  1.7277e-04  1.8099e-04  1.9076e-04  2.0183e-04  2.1373e-04
  2.2563e-04  2.3636e-04  2.4447e-04  2.4854e-04  2.4717e-04  2.3954e-04
  2.2558e-04  2.0588e-04  2.3773e-04  2.6656e-04  2.9575e-04  4.9202e-04
  4.0352e-04  3.3094e-04  2.8299e-04  2.4242e-04  2.1870e-04  2.0891e-04
  1.9710e-04  1.6667e-04  1.2692e-04  8.7590e-05  5.6870e-05  4.1813e-05
  4.2151e-05  4.0800e-05  3.5181e-05  1.6959e-05  1.3375e-05  9.4729e-06
  1.8700e-07  2.1550e-07  2.3620e-07  2.4640e-07  2.4520e-07  2.3380e-07
  2.1610e-07  1.9420e-07  1.8810e-07  1.9390e-07  2.1700e-07  2.2850e-07
  2.4290e-07  2.4290e-07  2.3380e-07  2.1450e-07  1.7570e-07  1.2490e-07
  8.5070e-08
# Last line of file.
