25-JUN-2015 20:43:14.000000
# V5.1 FILE generated by J.J. Remedios and D. Moore
# HITRAN code of the gas:
 30
# DN:
0 0 0 0 0 0
# SF6 profile (VMR-PPMV) for lat -75.0 degrees, month 07:
  2.1793e-06  2.1793e-06  2.1793e-06  2.1793e-06  2.1793e-06  2.1793e-06
  2.1793e-06  2.1793e-06  2.1793e-06  2.1793e-06  2.1793e-06  2.1793e-06
  2.1793e-06  2.1793e-06  2.1793e-06  2.1793e-06  2.1793e-06  2.1793e-06
  2.1793e-06  2.1793e-06  2.1793e-06  2.1793e-06  2.1793e-06  2.1793e-06
  2.1793e-06  2.1793e-06  2.1793e-06  2.1793e-06  2.1793e-06  2.1793e-06
  2.1793e-06  2.1793e-06  2.1793e-06  2.1793e-06  2.1793e-06  2.1793e-06
  2.1794e-06  2.1794e-06  2.1794e-06  2.1794e-06  2.1794e-06  2.1794e-06
  2.1795e-06  2.1795e-06  2.1796e-06  2.1796e-06  2.1797e-06  2.1798e-06
  2.1799e-06  2.1800e-06  2.1802e-06  2.1804e-06  2.1806e-06  2.1809e-06
  2.1812e-06  2.1815e-06  2.1819e-06  2.1824e-06  2.1830e-06  2.1837e-06
  2.1845e-06  2.1855e-06  2.1866e-06  2.1880e-06  2.1895e-06  2.1914e-06
  2.1936e-06  2.1961e-06  2.1992e-06  2.2028e-06  2.2071e-06  2.2121e-06
  2.2181e-06  2.2252e-06  2.2335e-06  2.2434e-06  2.2550e-06  2.2687e-06
  2.2847e-06  2.3033e-06  2.3249e-06  2.3498e-06  2.3784e-06  2.4110e-06
  2.4479e-06  2.4894e-06  2.5357e-06  2.5870e-06  2.6432e-06  2.7044e-06
  2.7705e-06  2.8412e-06  2.9162e-06  2.9950e-06  3.0771e-06  3.1618e-06
  3.2484e-06  3.3361e-06  3.4241e-06  3.5116e-06  3.5978e-06  3.6819e-06
  3.7632e-06  3.8411e-06  3.9150e-06  3.9846e-06  4.0495e-06  4.1095e-06
  4.1646e-06  4.2150e-06  4.2606e-06  4.3016e-06  4.3380e-06  4.3735e-06
  4.4035e-06  4.4286e-06  4.4493e-06  4.5017e-06  4.5017e-06  4.5017e-06
  4.5017e-06
# SF6 profile (VMR-PPMV) for lat -45.0 degrees, month 07:
  2.3096e-06  2.3096e-06  2.3096e-06  2.3096e-06  2.3096e-06  2.3096e-06
  2.3096e-06  2.3096e-06  2.3096e-06  2.3096e-06  2.3096e-06  2.3096e-06
  2.3096e-06  2.3096e-06  2.3096e-06  2.3096e-06  2.3096e-06  2.3096e-06
  2.3096e-06  2.3096e-06  2.3096e-06  2.3096e-06  2.3096e-06  2.3096e-06
  2.3096e-06  2.3096e-06  2.3096e-06  2.3096e-06  2.3096e-06  2.3096e-06
  2.3096e-06  2.3096e-06  2.3096e-06  2.3096e-06  2.3096e-06  2.3096e-06
  2.3096e-06  2.3096e-06  2.3096e-06  2.3097e-06  2.3097e-06  2.3097e-06
  2.3097e-06  2.3098e-06  2.3098e-06  2.3099e-06  2.3100e-06  2.3101e-06
  2.3102e-06  2.3103e-06  2.3105e-06  2.3107e-06  2.3109e-06  2.3112e-06
  2.3115e-06  2.3119e-06  2.3124e-06  2.3129e-06  2.3135e-06  2.3142e-06
  2.3151e-06  2.3161e-06  2.3173e-06  2.3187e-06  2.3204e-06  2.3224e-06
  2.3247e-06  2.3274e-06  2.3306e-06  2.3345e-06  2.3390e-06  2.3443e-06
  2.3507e-06  2.3582e-06  2.3670e-06  2.3775e-06  2.3898e-06  2.4042e-06
  2.4211e-06  2.4408e-06  2.4636e-06  2.4899e-06  2.5200e-06  2.5543e-06
  2.5931e-06  2.6366e-06  2.6852e-06  2.7388e-06  2.7975e-06  2.8614e-06
  2.9302e-06  3.0036e-06  3.0813e-06  3.1628e-06  3.2474e-06  3.3345e-06
  3.4232e-06  3.5129e-06  3.6025e-06  3.6913e-06  3.7785e-06  3.8632e-06
  3.9447e-06  4.0225e-06  4.0960e-06  4.1648e-06  4.2287e-06  4.2874e-06
  4.3410e-06  4.3897e-06  4.4335e-06  4.4726e-06  4.5071e-06  4.5404e-06
  4.5685e-06  4.5917e-06  4.6108e-06  4.6588e-06  4.6588e-06  4.6588e-06
  4.6588e-06
# SF6 profile (VMR-PPMV) for lat -10. degrees, month 07:
  2.6292e-06  2.6292e-06  2.6292e-06  2.6292e-06  2.6292e-06  2.6292e-06
  2.6292e-06  2.6292e-06  2.6292e-06  2.6292e-06  2.6292e-06  2.6292e-06
  2.6292e-06  2.6292e-06  2.6292e-06  2.6292e-06  2.6292e-06  2.6292e-06
  2.6292e-06  2.6292e-06  2.6292e-06  2.6292e-06  2.6292e-06  2.6292e-06
  2.6292e-06  2.6292e-06  2.6292e-06  2.6292e-06  2.6292e-06  2.6292e-06
  2.6292e-06  2.6292e-06  2.6292e-06  2.6292e-06  2.6292e-06  2.6292e-06
  2.6292e-06  2.6292e-06  2.6292e-06  2.6292e-06  2.6293e-06  2.6293e-06
  2.6293e-06  2.6294e-06  2.6295e-06  2.6295e-06  2.6296e-06  2.6297e-06
  2.6299e-06  2.6300e-06  2.6302e-06  2.6304e-06  2.6307e-06  2.6310e-06
  2.6314e-06  2.6318e-06  2.6323e-06  2.6329e-06  2.6336e-06  2.6345e-06
  2.6354e-06  2.6366e-06  2.6380e-06  2.6396e-06  2.6415e-06  2.6437e-06
  2.6463e-06  2.6494e-06  2.6531e-06  2.6575e-06  2.6626e-06  2.6687e-06
  2.6759e-06  2.6844e-06  2.6945e-06  2.7063e-06  2.7203e-06  2.7367e-06
  2.7558e-06  2.7780e-06  2.8037e-06  2.8333e-06  2.8671e-06  2.9056e-06
  2.9489e-06  2.9974e-06  3.0512e-06  3.1104e-06  3.1751e-06  3.2449e-06
  3.3198e-06  3.3993e-06  3.4828e-06  3.5698e-06  3.6595e-06  3.7510e-06
  3.8434e-06  3.9358e-06  4.0273e-06  4.1168e-06  4.2036e-06  4.2868e-06
  4.3657e-06  4.4398e-06  4.5085e-06  4.5716e-06  4.6290e-06  4.6804e-06
  4.7262e-06  4.7666e-06  4.8017e-06  4.8320e-06  4.8579e-06  4.8813e-06
  4.9004e-06  4.9158e-06  4.9280e-06  4.9564e-06  4.9564e-06  4.9564e-06
  4.9564e-06
# SF6 profile (VMR-PPMV) for lat 10. degrees, month 07:
  2.6406e-06  2.6406e-06  2.6406e-06  2.6406e-06  2.6406e-06  2.6406e-06
  2.6406e-06  2.6406e-06  2.6406e-06  2.6406e-06  2.6406e-06  2.6406e-06
  2.6406e-06  2.6406e-06  2.6406e-06  2.6406e-06  2.6406e-06  2.6406e-06
  2.6406e-06  2.6406e-06  2.6406e-06  2.6406e-06  2.6406e-06  2.6406e-06
  2.6406e-06  2.6406e-06  2.6406e-06  2.6406e-06  2.6406e-06  2.6406e-06
  2.6406e-06  2.6406e-06  2.6406e-06  2.6406e-06  2.6407e-06  2.6407e-06
  2.6407e-06  2.6407e-06  2.6407e-06  2.6407e-06  2.6407e-06  2.6408e-06
  2.6408e-06  2.6409e-06  2.6409e-06  2.6410e-06  2.6411e-06  2.6412e-06
  2.6414e-06  2.6415e-06  2.6417e-06  2.6419e-06  2.6422e-06  2.6425e-06
  2.6429e-06  2.6433e-06  2.6438e-06  2.6444e-06  2.6451e-06  2.6460e-06
  2.6470e-06  2.6481e-06  2.6495e-06  2.6511e-06  2.6530e-06  2.6552e-06
  2.6579e-06  2.6610e-06  2.6647e-06  2.6691e-06  2.6742e-06  2.6803e-06
  2.6876e-06  2.6961e-06  2.7062e-06  2.7181e-06  2.7321e-06  2.7486e-06
  2.7677e-06  2.7900e-06  2.8158e-06  2.8454e-06  2.8793e-06  2.9177e-06
  2.9611e-06  3.0095e-06  3.0632e-06  3.1223e-06  3.1867e-06  3.2563e-06
  3.3308e-06  3.4098e-06  3.4927e-06  3.5789e-06  3.6676e-06  3.7580e-06
  3.8493e-06  3.9403e-06  4.0302e-06  4.1182e-06  4.2032e-06  4.2845e-06
  4.3614e-06  4.4335e-06  4.5001e-06  4.5612e-06  4.6165e-06  4.6659e-06
  4.7098e-06  4.7483e-06  4.7817e-06  4.8103e-06  4.8346e-06  4.8565e-06
  4.8743e-06  4.8885e-06  4.8998e-06  4.9257e-06  4.9257e-06  4.9257e-06
  4.9257e-06
# SF6 profile (VMR-PPMV) for lat 45 degrees, month 07:
  2.5698e-06  2.5698e-06  2.5698e-06  2.5698e-06  2.5698e-06  2.5698e-06
  2.5698e-06  2.5698e-06  2.5698e-06  2.5698e-06  2.5698e-06  2.5698e-06
  2.5698e-06  2.5698e-06  2.5698e-06  2.5698e-06  2.5698e-06  2.5698e-06
  2.5698e-06  2.5698e-06  2.5698e-06  2.5698e-06  2.5698e-06  2.5698e-06
  2.5698e-06  2.5698e-06  2.5698e-06  2.5698e-06  2.5698e-06  2.5698e-06
  2.5698e-06  2.5698e-06  2.5698e-06  2.5698e-06  2.5698e-06  2.5698e-06
  2.5698e-06  2.5699e-06  2.5699e-06  2.5699e-06  2.5699e-06  2.5699e-06
  2.5700e-06  2.5700e-06  2.5701e-06  2.5702e-06  2.5703e-06  2.5704e-06
  2.5705e-06  2.5707e-06  2.5708e-06  2.5711e-06  2.5713e-06  2.5716e-06
  2.5720e-06  2.5724e-06  2.5729e-06  2.5735e-06  2.5742e-06  2.5750e-06
  2.5760e-06  2.5771e-06  2.5784e-06  2.5800e-06  2.5818e-06  2.5840e-06
  2.5866e-06  2.5896e-06  2.5932e-06  2.5975e-06  2.6025e-06  2.6085e-06
  2.6155e-06  2.6238e-06  2.6337e-06  2.6453e-06  2.6589e-06  2.6750e-06
  2.6937e-06  2.7155e-06  2.7407e-06  2.7698e-06  2.8030e-06  2.8408e-06
  2.8834e-06  2.9312e-06  2.9843e-06  3.0429e-06  3.1068e-06  3.1761e-06
  3.2505e-06  3.3296e-06  3.4129e-06  3.4999e-06  3.5898e-06  3.6818e-06
  3.7750e-06  3.8685e-06  3.9614e-06  4.0527e-06  4.1416e-06  4.2271e-06
  4.3087e-06  4.3857e-06  4.4576e-06  4.5241e-06  4.5849e-06  4.6400e-06
  4.6894e-06  4.7334e-06  4.7722e-06  4.8061e-06  4.8353e-06  4.8625e-06
  4.8850e-06  4.9032e-06  4.9179e-06  4.9533e-06  4.9533e-06  4.9533e-06
  4.9533e-06
# SF6 profile (VMR-PPMV) for lat 75 degrees, month 07:
  2.5022e-06  2.5022e-06  2.5022e-06  2.5022e-06  2.5022e-06  2.5022e-06
  2.5022e-06  2.5022e-06  2.5022e-06  2.5022e-06  2.5022e-06  2.5022e-06
  2.5022e-06  2.5022e-06  2.5022e-06  2.5022e-06  2.5022e-06  2.5022e-06
  2.5022e-06  2.5022e-06  2.5022e-06  2.5022e-06  2.5022e-06  2.5022e-06
  2.5022e-06  2.5022e-06  2.5022e-06  2.5022e-06  2.5022e-06  2.5022e-06
  2.5023e-06  2.5023e-06  2.5023e-06  2.5023e-06  2.5023e-06  2.5023e-06
  2.5023e-06  2.5023e-06  2.5023e-06  2.5023e-06  2.5024e-06  2.5024e-06
  2.5024e-06  2.5025e-06  2.5025e-06  2.5026e-06  2.5027e-06  2.5028e-06
  2.5029e-06  2.5031e-06  2.5033e-06  2.5035e-06  2.5037e-06  2.5040e-06
  2.5044e-06  2.5048e-06  2.5053e-06  2.5058e-06  2.5065e-06  2.5073e-06
  2.5082e-06  2.5093e-06  2.5106e-06  2.5122e-06  2.5140e-06  2.5161e-06
  2.5186e-06  2.5215e-06  2.5250e-06  2.5292e-06  2.5341e-06  2.5399e-06
  2.5467e-06  2.5549e-06  2.5644e-06  2.5757e-06  2.5890e-06  2.6046e-06
  2.6228e-06  2.6440e-06  2.6686e-06  2.6968e-06  2.7292e-06  2.7659e-06
  2.8074e-06  2.8539e-06  2.9056e-06  2.9625e-06  3.0248e-06  3.0922e-06
  3.1646e-06  3.2417e-06  3.3229e-06  3.4077e-06  3.4954e-06  3.5853e-06
  3.6764e-06  3.7680e-06  3.8591e-06  3.9489e-06  4.0364e-06  4.1209e-06
  4.2017e-06  4.2782e-06  4.3500e-06  4.4166e-06  4.4779e-06  4.5338e-06
  4.5843e-06  4.6297e-06  4.6701e-06  4.7058e-06  4.7370e-06  4.7666e-06
  4.7912e-06  4.8116e-06  4.8281e-06  4.8690e-06  4.8690e-06  4.8690e-06
  4.8690e-06
# SF6 profile (VMR-PPMV) for lat -75.0 degrees, month 07:
  2.1793e-06  2.1793e-06  2.1793e-06  2.1793e-06  2.1793e-06  2.1793e-06
  2.1793e-06  2.1793e-06  2.1793e-06  2.1793e-06  2.1793e-06  2.1793e-06
  2.1793e-06  2.1793e-06  2.1793e-06  2.1793e-06  2.1793e-06  2.1793e-06
  2.1793e-06  2.1793e-06  2.1793e-06  2.1793e-06  2.1793e-06  2.1793e-06
  2.1793e-06  2.1793e-06  2.1793e-06  2.1793e-06  2.1793e-06  2.1793e-06
  2.1793e-06  2.1793e-06  2.1793e-06  2.1793e-06  2.1793e-06  2.1793e-06
  2.1794e-06  2.1794e-06  2.1794e-06  2.1794e-06  2.1794e-06  2.1794e-06
  2.1795e-06  2.1795e-06  2.1796e-06  2.1796e-06  2.1797e-06  2.1798e-06
  2.1799e-06  2.1800e-06  2.1802e-06  2.1804e-06  2.1806e-06  2.1809e-06
  2.1812e-06  2.1815e-06  2.1819e-06  2.1824e-06  2.1830e-06  2.1837e-06
  2.1845e-06  2.1855e-06  2.1866e-06  2.1880e-06  2.1895e-06  2.1914e-06
  2.1936e-06  2.1961e-06  2.1992e-06  2.2028e-06  2.2071e-06  2.2121e-06
  2.2181e-06  2.2252e-06  2.2335e-06  2.2434e-06  2.2550e-06  2.2687e-06
  2.2847e-06  2.3033e-06  2.3249e-06  2.3498e-06  2.3784e-06  2.4110e-06
  2.4479e-06  2.4894e-06  2.5357e-06  2.5870e-06  2.6432e-06  2.7044e-06
  2.7705e-06  2.8412e-06  2.9162e-06  2.9950e-06  3.0771e-06  3.1618e-06
  3.2484e-06  3.3361e-06  3.4241e-06  3.5116e-06  3.5978e-06  3.6819e-06
  3.7632e-06  3.8411e-06  3.9150e-06  3.9846e-06  4.0495e-06  4.1095e-06
  4.1646e-06  4.2150e-06  4.2606e-06  4.3016e-06  4.3380e-06  4.3735e-06
  4.4035e-06  4.4286e-06  4.4493e-06  4.5017e-06  4.5017e-06  4.5017e-06
  4.5017e-06
# SF6 profile (VMR-PPMV) for lat -45.0 degrees, month 07:
  2.3096e-06  2.3096e-06  2.3096e-06  2.3096e-06  2.3096e-06  2.3096e-06
  2.3096e-06  2.3096e-06  2.3096e-06  2.3096e-06  2.3096e-06  2.3096e-06
  2.3096e-06  2.3096e-06  2.3096e-06  2.3096e-06  2.3096e-06  2.3096e-06
  2.3096e-06  2.3096e-06  2.3096e-06  2.3096e-06  2.3096e-06  2.3096e-06
  2.3096e-06  2.3096e-06  2.3096e-06  2.3096e-06  2.3096e-06  2.3096e-06
  2.3096e-06  2.3096e-06  2.3096e-06  2.3096e-06  2.3096e-06  2.3096e-06
  2.3096e-06  2.3096e-06  2.3096e-06  2.3097e-06  2.3097e-06  2.3097e-06
  2.3097e-06  2.3098e-06  2.3098e-06  2.3099e-06  2.3100e-06  2.3101e-06
  2.3102e-06  2.3103e-06  2.3105e-06  2.3107e-06  2.3109e-06  2.3112e-06
  2.3115e-06  2.3119e-06  2.3124e-06  2.3129e-06  2.3135e-06  2.3142e-06
  2.3151e-06  2.3161e-06  2.3173e-06  2.3187e-06  2.3204e-06  2.3224e-06
  2.3247e-06  2.3274e-06  2.3306e-06  2.3345e-06  2.3390e-06  2.3443e-06
  2.3507e-06  2.3582e-06  2.3670e-06  2.3775e-06  2.3898e-06  2.4042e-06
  2.4211e-06  2.4408e-06  2.4636e-06  2.4899e-06  2.5200e-06  2.5543e-06
  2.5931e-06  2.6366e-06  2.6852e-06  2.7388e-06  2.7975e-06  2.8614e-06
  2.9302e-06  3.0036e-06  3.0813e-06  3.1628e-06  3.2474e-06  3.3345e-06
  3.4232e-06  3.5129e-06  3.6025e-06  3.6913e-06  3.7785e-06  3.8632e-06
  3.9447e-06  4.0225e-06  4.0960e-06  4.1648e-06  4.2287e-06  4.2874e-06
  4.3410e-06  4.3897e-06  4.4335e-06  4.4726e-06  4.5071e-06  4.5404e-06
  4.5685e-06  4.5917e-06  4.6108e-06  4.6588e-06  4.6588e-06  4.6588e-06
  4.6588e-06
# SF6 profile (VMR-PPMV) for lat -10. degrees, month 07:
  2.6292e-06  2.6292e-06  2.6292e-06  2.6292e-06  2.6292e-06  2.6292e-06
  2.6292e-06  2.6292e-06  2.6292e-06  2.6292e-06  2.6292e-06  2.6292e-06
  2.6292e-06  2.6292e-06  2.6292e-06  2.6292e-06  2.6292e-06  2.6292e-06
  2.6292e-06  2.6292e-06  2.6292e-06  2.6292e-06  2.6292e-06  2.6292e-06
  2.6292e-06  2.6292e-06  2.6292e-06  2.6292e-06  2.6292e-06  2.6292e-06
  2.6292e-06  2.6292e-06  2.6292e-06  2.6292e-06  2.6292e-06  2.6292e-06
  2.6292e-06  2.6292e-06  2.6292e-06  2.6292e-06  2.6293e-06  2.6293e-06
  2.6293e-06  2.6294e-06  2.6295e-06  2.6295e-06  2.6296e-06  2.6297e-06
  2.6299e-06  2.6300e-06  2.6302e-06  2.6304e-06  2.6307e-06  2.6310e-06
  2.6314e-06  2.6318e-06  2.6323e-06  2.6329e-06  2.6336e-06  2.6345e-06
  2.6354e-06  2.6366e-06  2.6380e-06  2.6396e-06  2.6415e-06  2.6437e-06
  2.6463e-06  2.6494e-06  2.6531e-06  2.6575e-06  2.6626e-06  2.6687e-06
  2.6759e-06  2.6844e-06  2.6945e-06  2.7063e-06  2.7203e-06  2.7367e-06
  2.7558e-06  2.7780e-06  2.8037e-06  2.8333e-06  2.8671e-06  2.9056e-06
  2.9489e-06  2.9974e-06  3.0512e-06  3.1104e-06  3.1751e-06  3.2449e-06
  3.3198e-06  3.3993e-06  3.4828e-06  3.5698e-06  3.6595e-06  3.7510e-06
  3.8434e-06  3.9358e-06  4.0273e-06  4.1168e-06  4.2036e-06  4.2868e-06
  4.3657e-06  4.4398e-06  4.5085e-06  4.5716e-06  4.6290e-06  4.6804e-06
  4.7262e-06  4.7666e-06  4.8017e-06  4.8320e-06  4.8579e-06  4.8813e-06
  4.9004e-06  4.9158e-06  4.9280e-06  4.9564e-06  4.9564e-06  4.9564e-06
  4.9564e-06
# SF6 profile (VMR-PPMV) for lat 10. degrees, month 07:
  2.6406e-06  2.6406e-06  2.6406e-06  2.6406e-06  2.6406e-06  2.6406e-06
  2.6406e-06  2.6406e-06  2.6406e-06  2.6406e-06  2.6406e-06  2.6406e-06
  2.6406e-06  2.6406e-06  2.6406e-06  2.6406e-06  2.6406e-06  2.6406e-06
  2.6406e-06  2.6406e-06  2.6406e-06  2.6406e-06  2.6406e-06  2.6406e-06
  2.6406e-06  2.6406e-06  2.6406e-06  2.6406e-06  2.6406e-06  2.6406e-06
  2.6406e-06  2.6406e-06  2.6406e-06  2.6406e-06  2.6407e-06  2.6407e-06
  2.6407e-06  2.6407e-06  2.6407e-06  2.6407e-06  2.6407e-06  2.6408e-06
  2.6408e-06  2.6409e-06  2.6409e-06  2.6410e-06  2.6411e-06  2.6412e-06
  2.6414e-06  2.6415e-06  2.6417e-06  2.6419e-06  2.6422e-06  2.6425e-06
  2.6429e-06  2.6433e-06  2.6438e-06  2.6444e-06  2.6451e-06  2.6460e-06
  2.6470e-06  2.6481e-06  2.6495e-06  2.6511e-06  2.6530e-06  2.6552e-06
  2.6579e-06  2.6610e-06  2.6647e-06  2.6691e-06  2.6742e-06  2.6803e-06
  2.6876e-06  2.6961e-06  2.7062e-06  2.7181e-06  2.7321e-06  2.7486e-06
  2.7677e-06  2.7900e-06  2.8158e-06  2.8454e-06  2.8793e-06  2.9177e-06
  2.9611e-06  3.0095e-06  3.0632e-06  3.1223e-06  3.1867e-06  3.2563e-06
  3.3308e-06  3.4098e-06  3.4927e-06  3.5789e-06  3.6676e-06  3.7580e-06
  3.8493e-06  3.9403e-06  4.0302e-06  4.1182e-06  4.2032e-06  4.2845e-06
  4.3614e-06  4.4335e-06  4.5001e-06  4.5612e-06  4.6165e-06  4.6659e-06
  4.7098e-06  4.7483e-06  4.7817e-06  4.8103e-06  4.8346e-06  4.8565e-06
  4.8743e-06  4.8885e-06  4.8998e-06  4.9257e-06  4.9257e-06  4.9257e-06
  4.9257e-06
# SF6 profile (VMR-PPMV) for lat 45 degrees, month 07:
  2.5698e-06  2.5698e-06  2.5698e-06  2.5698e-06  2.5698e-06  2.5698e-06
  2.5698e-06  2.5698e-06  2.5698e-06  2.5698e-06  2.5698e-06  2.5698e-06
  2.5698e-06  2.5698e-06  2.5698e-06  2.5698e-06  2.5698e-06  2.5698e-06
  2.5698e-06  2.5698e-06  2.5698e-06  2.5698e-06  2.5698e-06  2.5698e-06
  2.5698e-06  2.5698e-06  2.5698e-06  2.5698e-06  2.5698e-06  2.5698e-06
  2.5698e-06  2.5698e-06  2.5698e-06  2.5698e-06  2.5698e-06  2.5698e-06
  2.5698e-06  2.5699e-06  2.5699e-06  2.5699e-06  2.5699e-06  2.5699e-06
  2.5700e-06  2.5700e-06  2.5701e-06  2.5702e-06  2.5703e-06  2.5704e-06
  2.5705e-06  2.5707e-06  2.5708e-06  2.5711e-06  2.5713e-06  2.5716e-06
  2.5720e-06  2.5724e-06  2.5729e-06  2.5735e-06  2.5742e-06  2.5750e-06
  2.5760e-06  2.5771e-06  2.5784e-06  2.5800e-06  2.5818e-06  2.5840e-06
  2.5866e-06  2.5896e-06  2.5932e-06  2.5975e-06  2.6025e-06  2.6085e-06
  2.6155e-06  2.6238e-06  2.6337e-06  2.6453e-06  2.6589e-06  2.6750e-06
  2.6937e-06  2.7155e-06  2.7407e-06  2.7698e-06  2.8030e-06  2.8408e-06
  2.8834e-06  2.9312e-06  2.9843e-06  3.0429e-06  3.1068e-06  3.1761e-06
  3.2505e-06  3.3296e-06  3.4129e-06  3.4999e-06  3.5898e-06  3.6818e-06
  3.7750e-06  3.8685e-06  3.9614e-06  4.0527e-06  4.1416e-06  4.2271e-06
  4.3087e-06  4.3857e-06  4.4576e-06  4.5241e-06  4.5849e-06  4.6400e-06
  4.6894e-06  4.7334e-06  4.7722e-06  4.8061e-06  4.8353e-06  4.8625e-06
  4.8850e-06  4.9032e-06  4.9179e-06  4.9533e-06  4.9533e-06  4.9533e-06
  4.9533e-06
# SF6 profile (VMR-PPMV) for lat 75 degrees, month 07:
  2.5022e-06  2.5022e-06  2.5022e-06  2.5022e-06  2.5022e-06  2.5022e-06
  2.5022e-06  2.5022e-06  2.5022e-06  2.5022e-06  2.5022e-06  2.5022e-06
  2.5022e-06  2.5022e-06  2.5022e-06  2.5022e-06  2.5022e-06  2.5022e-06
  2.5022e-06  2.5022e-06  2.5022e-06  2.5022e-06  2.5022e-06  2.5022e-06
  2.5022e-06  2.5022e-06  2.5022e-06  2.5022e-06  2.5022e-06  2.5022e-06
  2.5023e-06  2.5023e-06  2.5023e-06  2.5023e-06  2.5023e-06  2.5023e-06
  2.5023e-06  2.5023e-06  2.5023e-06  2.5023e-06  2.5024e-06  2.5024e-06
  2.5024e-06  2.5025e-06  2.5025e-06  2.5026e-06  2.5027e-06  2.5028e-06
  2.5029e-06  2.5031e-06  2.5033e-06  2.5035e-06  2.5037e-06  2.5040e-06
  2.5044e-06  2.5048e-06  2.5053e-06  2.5058e-06  2.5065e-06  2.5073e-06
  2.5082e-06  2.5093e-06  2.5106e-06  2.5122e-06  2.5140e-06  2.5161e-06
  2.5186e-06  2.5215e-06  2.5250e-06  2.5292e-06  2.5341e-06  2.5399e-06
  2.5467e-06  2.5549e-06  2.5644e-06  2.5757e-06  2.5890e-06  2.6046e-06
  2.6228e-06  2.6440e-06  2.6686e-06  2.6968e-06  2.7292e-06  2.7659e-06
  2.8074e-06  2.8539e-06  2.9056e-06  2.9625e-06  3.0248e-06  3.0922e-06
  3.1646e-06  3.2417e-06  3.3229e-06  3.4077e-06  3.4954e-06  3.5853e-06
  3.6764e-06  3.7680e-06  3.8591e-06  3.9489e-06  4.0364e-06  4.1209e-06
  4.2017e-06  4.2782e-06  4.3500e-06  4.4166e-06  4.4779e-06  4.5338e-06
  4.5843e-06  4.6297e-06  4.6701e-06  4.7058e-06  4.7370e-06  4.7666e-06
  4.7912e-06  4.8116e-06  4.8281e-06  4.8690e-06  4.8690e-06  4.8690e-06
  4.8690e-06
# Last line of file.
