18-APR-2016 11:00:28.000000
# V5.1 FILE generated by J.J. Remedios and D. Moore
# HITRAN code of the gas:
 21
# DN:
1 1 1 1 1 1
# HOCl profile (VMR-PPMV) for lat -75.0 degrees, month 01:
  3.8406e-12  3.8406e-12  3.8406e-12  3.8406e-12  3.8406e-12  3.8406e-12
  3.8406e-12  3.8406e-12  3.8406e-12  3.8406e-12  3.8406e-12  3.8406e-12
  3.8406e-12  3.8406e-12  3.8406e-12  3.8406e-12  3.8406e-12  3.8406e-12
  3.8406e-12  3.8406e-12  3.8406e-12  3.8406e-12  3.8406e-12  3.8406e-12
  3.8406e-12  3.8406e-12  3.8406e-12  3.8406e-12  3.8406e-12  3.8406e-12
  3.8406e-12  3.8406e-12  3.8406e-12  3.8406e-12  3.8406e-12  3.8406e-12
  3.8406e-12  3.8406e-12  3.8406e-12  3.8406e-12  3.8406e-12  3.8406e-12
  3.8406e-12  3.8406e-12  3.8406e-12  3.8406e-12  3.8406e-12  3.8406e-12
  3.8406e-12  3.8406e-12  3.8406e-12  3.8406e-12  3.8406e-12  3.8406e-12
  3.3111e-11  6.2382e-11  9.1653e-11  1.2092e-10  1.5148e-10  1.8776e-10
  2.3287e-10  2.9829e-10  3.9709e-10  5.4034e-10  7.7971e-10  1.1724e-09
  1.7677e-09  2.7892e-09  4.4890e-09  7.0767e-09  1.1107e-08  1.7673e-08
  2.8732e-08  4.9873e-08  8.9838e-08  1.6143e-07  2.9159e-07  5.3233e-07
  9.6429e-07  1.7416e-06  3.0864e-06  5.2848e-06  8.6510e-06  1.3620e-05
  2.0632e-05  3.0089e-05  4.2217e-05  5.7097e-05  7.4570e-05  9.4419e-05
  1.1646e-04  1.4061e-04  1.6651e-04  1.9336e-04  2.1965e-04  2.4313e-04
  2.6089e-04  2.6970e-04  2.6723e-04  2.5289e-04  2.2816e-04  1.9594e-04
  1.6055e-04  1.2623e-04  9.6271e-05  7.1974e-05  5.3544e-05  4.0134e-05
  3.0569e-05  2.3481e-05  1.8069e-05  1.3824e-05  1.0562e-05  8.1376e-06
  6.4089e-06  5.2395e-06  4.5051e-06  4.0389e-06  3.7002e-06  3.4123e-06
  3.0931e-06
# HOCl profile (VMR-PPMV) for lat -45.0 degrees, month 01:
  2.6292e-11  2.6292e-11  2.6292e-11  2.6292e-11  2.6292e-11  2.6292e-11
  2.6292e-11  2.6292e-11  2.6292e-11  2.6292e-11  2.6292e-11  2.6292e-11
  2.6292e-11  2.6292e-11  2.6292e-11  2.6292e-11  2.6292e-11  2.6292e-11
  2.6292e-11  2.6292e-11  2.6292e-11  2.6292e-11  2.6292e-11  2.6292e-11
  2.6292e-11  2.6292e-11  2.6292e-11  2.6292e-11  2.6292e-11  2.6292e-11
  2.6292e-11  2.6292e-11  2.6292e-11  2.6292e-11  2.6292e-11  2.6292e-11
  2.6292e-11  2.6292e-11  2.6292e-11  2.6292e-11  2.6292e-11  2.6292e-11
  2.6292e-11  2.6292e-11  2.6292e-11  2.6292e-11  2.6292e-11  2.6292e-11
  2.6292e-11  2.6292e-11  2.6292e-11  2.6292e-11  2.6292e-11  2.6292e-11
  2.6292e-11  2.6292e-11  6.6742e-11  1.0719e-10  1.4896e-10  1.9715e-10
  2.5522e-10  3.3608e-10  4.5449e-10  6.2293e-10  9.0903e-10  1.3883e-09
  2.1273e-09  3.4029e-09  5.5263e-09  8.7517e-09  1.3696e-08  2.1568e-08
  3.4499e-08  5.8161e-08  1.0131e-07  1.7666e-07  3.1111e-07  5.5747e-07
  9.9903e-07  1.8060e-06  3.2464e-06  5.6944e-06  9.6050e-06  1.5671e-05
  2.4676e-05  3.7434e-05  5.4569e-05  7.6512e-05  1.0303e-04  1.3308e-04
  1.6465e-04  1.9499e-04  2.2051e-04  2.3799e-04  2.4530e-04  2.4204e-04
  2.2904e-04  2.0827e-04  1.8238e-04  1.5409e-04  1.2568e-04  9.9048e-05
  7.5855e-05  5.7035e-05  4.2782e-05  3.2455e-05  2.5237e-05  2.0144e-05
  1.6340e-05  1.3215e-05  1.0541e-05  8.2530e-06  6.3730e-06  4.8991e-06
  3.7654e-06  2.8841e-06  2.1928e-06  1.6519e-06  1.2233e-06  8.2654e-07
  5.4693e-07
# HOCl profile (VMR-PPMV) for lat -10. degrees, month 01:
  5.0511e-12  5.0511e-12  5.0511e-12  5.0511e-12  5.0511e-12  5.0511e-12
  5.0511e-12  5.0511e-12  5.0511e-12  5.0511e-12  5.0511e-12  5.0511e-12
  5.0511e-12  5.0511e-12  5.0511e-12  5.0511e-12  5.0511e-12  5.0511e-12
  5.0511e-12  5.0511e-12  5.0511e-12  5.0511e-12  5.0511e-12  5.0511e-12
  5.0511e-12  5.0511e-12  5.0511e-12  5.0511e-12  5.0511e-12  5.0511e-12
  5.0511e-12  5.0511e-12  5.0511e-12  5.0511e-12  5.0511e-12  5.0511e-12
  5.0511e-12  5.0511e-12  5.0511e-12  5.0511e-12  5.0511e-12  5.0511e-12
  5.0511e-12  5.0511e-12  5.0511e-12  5.0511e-12  5.0511e-12  5.0511e-12
  5.0511e-12  5.0511e-12  5.0511e-12  5.0511e-12  5.0511e-12  5.0511e-12
  5.0511e-12  5.0511e-12  4.1869e-11  7.8687e-11  1.1722e-10  1.6209e-10
  2.1715e-10  2.9569e-10  4.1284e-10  5.8143e-10  8.8707e-10  1.4261e-09
  2.2857e-09  3.8614e-09  6.5986e-09  1.0868e-08  1.7566e-08  2.8434e-08
  4.6536e-08  7.9990e-08  1.4124e-07  2.4820e-07  4.3801e-07  7.8001e-07
  1.3799e-06  2.4392e-06  4.2590e-06  7.2429e-06  1.1862e-05  1.8818e-05
  2.8883e-05  4.2836e-05  6.1234e-05  8.4329e-05  1.1131e-04  1.4004e-04
  1.6705e-04  1.8822e-04  1.9944e-04  1.9836e-04  1.8512e-04  1.6234e-04
  1.3381e-04  1.0386e-04  7.6091e-05  5.2770e-05  3.4627e-05  2.1627e-05
  1.3140e-05  8.1046e-06  5.3231e-06  3.8393e-06  3.0516e-06  2.6079e-06
  2.3325e-06  2.1658e-06  2.0673e-06  1.9897e-06  1.8746e-06  1.6821e-06
  1.4120e-06  1.1018e-06  7.9686e-07  5.3680e-07  3.3845e-07  1.6655e-07
  9.6555e-08
# HOCl profile (VMR-PPMV) for lat 10. degrees, month 01:
  1.8233e-12  1.8233e-12  1.8233e-12  1.8233e-12  1.8233e-12  1.8233e-12
  1.8233e-12  1.8233e-12  1.8233e-12  1.8233e-12  1.8233e-12  1.8233e-12
  1.8233e-12  1.8233e-12  1.8233e-12  1.8233e-12  1.8233e-12  1.8233e-12
  1.8233e-12  1.8233e-12  1.8233e-12  1.8233e-12  1.8233e-12  1.8233e-12
  1.8233e-12  1.8233e-12  1.8233e-12  1.8233e-12  1.8233e-12  1.8233e-12
  1.8233e-12  1.8233e-12  1.8233e-12  1.8233e-12  1.8233e-12  1.8233e-12
  1.8233e-12  1.8233e-12  1.8233e-12  1.8233e-12  1.8233e-12  1.8233e-12
  1.8233e-12  1.8233e-12  1.8233e-12  1.8233e-12  1.8233e-12  1.8233e-12
  1.8233e-12  1.8233e-12  1.8233e-12  1.8233e-12  1.8233e-12  1.8233e-12
  1.8233e-12  1.8233e-12  3.2042e-11  6.2260e-11  9.3677e-11  1.3133e-10
  1.7833e-10  2.4683e-10  3.5066e-10  5.0152e-10  7.8234e-10  1.2866e-09
  2.0995e-09  3.6201e-09  6.2988e-09  1.0513e-08  1.7177e-08  2.8072e-08
  4.6322e-08  8.0217e-08  1.4249e-07  2.5152e-07  4.4564e-07  7.9647e-07
  1.4131e-06  2.5006e-06  4.3575e-06  7.3729e-06  1.1986e-05  1.8834e-05
  2.8598e-05  4.1945e-05  5.9308e-05  8.0690e-05  1.0491e-04  1.2961e-04
  1.5148e-04  1.6710e-04  1.7345e-04  1.6928e-04  1.5545e-04  1.3463e-04
  1.1009e-04  8.5192e-05  6.2556e-05  4.3711e-05  2.9054e-05  1.8442e-05
  1.1354e-05  7.0142e-06  4.5708e-06  3.2929e-06  2.6561e-06  2.3365e-06
  2.1767e-06  2.1143e-06  2.0933e-06  2.0567e-06  1.9556e-06  1.7636e-06
  1.4863e-06  1.1649e-06  8.4523e-07  5.7017e-07  3.5861e-07  1.7692e-07
  9.7293e-08
# HOCl profile (VMR-PPMV) for lat 45 degrees, month 01:
  2.1583e-11  2.1583e-11  2.1583e-11  2.1583e-11  2.1583e-11  2.1583e-11
  2.1583e-11  2.1583e-11  2.1583e-11  2.1583e-11  2.1583e-11  2.1583e-11
  2.1583e-11  2.1583e-11  2.1583e-11  2.1583e-11  2.1583e-11  2.1583e-11
  2.1583e-11  2.1583e-11  2.1583e-11  2.1583e-11  2.1583e-11  2.1583e-11
  2.1583e-11  2.1583e-11  2.1583e-11  2.1583e-11  2.1583e-11  2.1583e-11
  2.1583e-11  2.1583e-11  2.1583e-11  2.1583e-11  2.1583e-11  2.1583e-11
  2.1583e-11  2.1583e-11  2.1583e-11  2.1583e-11  2.1583e-11  2.1583e-11
  2.1583e-11  2.1583e-11  2.1583e-11  2.1583e-11  2.1583e-11  2.1583e-11
  2.1583e-11  2.1583e-11  2.1583e-11  2.1583e-11  2.1583e-11  2.1583e-11
  2.1583e-11  2.1583e-11  2.1583e-11  4.3615e-11  6.7717e-11  9.8264e-11
  1.3934e-10  2.0443e-10  3.0894e-10  4.6587e-10  7.9852e-10  1.4471e-09
  2.5424e-09  4.7826e-09  8.9576e-09  1.5745e-08  2.6757e-08  4.5095e-08
  7.6166e-08  1.3239e-07  2.3154e-07  3.9725e-07  6.7323e-07  1.1323e-06
  1.8777e-06  3.0848e-06  4.9921e-06  7.8882e-06  1.2071e-05  1.7927e-05
  2.5816e-05  3.6050e-05  4.8782e-05  6.4046e-05  8.1500e-05  1.0040e-04
  1.1957e-04  1.3750e-04  1.5224e-04  1.6199e-04  1.6551e-04  1.6252e-04
  1.5352e-04  1.3981e-04  1.2316e-04  1.0539e-04  8.7917e-05  7.1800e-05
  5.7826e-05  4.6369e-05  3.7446e-05  3.0683e-05  2.5594e-05  2.1570e-05
  1.8090e-05  1.4854e-05  1.1844e-05  9.1786e-06  6.9928e-06  5.3601e-06
  4.2093e-06  3.3946e-06  2.7738e-06  2.2717e-06  1.8438e-06  1.4221e-06
  1.0901e-06
# HOCl profile (VMR-PPMV) for lat 75 degrees, month 01:
  2.0666e-11  2.0666e-11  2.0666e-11  2.0666e-11  2.0666e-11  2.0666e-11
  2.0666e-11  2.0666e-11  2.0666e-11  2.0666e-11  2.0666e-11  2.0666e-11
  2.0666e-11  2.0666e-11  2.0666e-11  2.0666e-11  2.0666e-11  2.0666e-11
  2.0666e-11  2.0666e-11  2.0666e-11  2.0666e-11  2.0666e-11  2.0666e-11
  2.0666e-11  2.0666e-11  2.0666e-11  2.0666e-11  2.0666e-11  2.0666e-11
  2.0666e-11  2.0666e-11  2.0666e-11  2.0666e-11  2.0666e-11  2.0666e-11
  2.0666e-11  2.0666e-11  2.0666e-11  2.0666e-11  2.0666e-11  2.0666e-11
  2.0666e-11  2.0666e-11  2.0666e-11  2.0666e-11  2.0666e-11  2.0666e-11
  2.0666e-11  2.0666e-11  2.0666e-11  2.0666e-11  2.0666e-11  2.0666e-11
  2.0666e-11  2.0666e-11  9.0919e-11  1.6117e-10  2.3782e-10  3.3615e-10
  4.6914e-10  6.8122e-10  1.0230e-09  1.5374e-09  2.5735e-09  4.5267e-09
  7.7618e-09  1.4011e-08  2.5227e-08  4.3053e-08  7.0689e-08  1.1412e-07
  1.8335e-07  2.9685e-07  4.7875e-07  7.5790e-07  1.1804e-06  1.8127e-06
  2.7407e-06  4.0884e-06  6.0067e-06  8.6567e-06  1.2181e-05  1.6736e-05
  2.2434e-05  2.9320e-05  3.7337e-05  4.6347e-05  5.6058e-05  6.6044e-05
  7.5773e-05  8.4648e-05  9.1935e-05  9.6946e-05  9.9175e-05  9.8489e-05
  9.5092e-05  8.9579e-05  8.2688e-05  7.5132e-05  6.7382e-05  5.9734e-05
  5.2337e-05  4.5278e-05  3.8692e-05  3.2733e-05  2.7505e-05  2.2967e-05
  1.8958e-05  1.5333e-05  1.2003e-05  8.9831e-06  6.3724e-06  4.3356e-06
  2.9224e-06  2.0554e-06  1.5677e-06  1.3186e-06  1.1978e-06  1.1082e-06
  1.0636e-06
# HOCl profile (VMR-PPMV) for lat -75.0 degrees, month 01:
  3.3111e-11  3.3111e-11  3.3111e-11  3.3111e-11  3.3111e-11  3.3111e-11
  3.3111e-11  3.3111e-11  3.3111e-11  3.3111e-11  3.3111e-11  3.3111e-11
  3.3111e-11  3.3111e-11  3.3111e-11  3.3111e-11  3.3111e-11  3.3111e-11
  3.3111e-11  3.3111e-11  3.3111e-11  3.3111e-11  3.3111e-11  3.3111e-11
  3.3111e-11  3.3111e-11  3.3111e-11  3.3111e-11  3.3111e-11  3.3111e-11
  3.3111e-11  3.3111e-11  3.3111e-11  3.3111e-11  3.3111e-11  3.3111e-11
  3.3111e-11  3.3111e-11  3.3111e-11  3.3111e-11  3.3111e-11  3.3111e-11
  3.3111e-11  3.3111e-11  3.3111e-11  3.3111e-11  3.3111e-11  3.3111e-11
  3.3111e-11  3.3111e-11  3.3111e-11  3.3111e-11  3.3111e-11  3.3111e-11
  1.6716e-11  7.1679e-11  1.2664e-10  1.8161e-10  2.4062e-10  3.1448e-10
  4.1179e-10  5.6271e-10  8.0162e-10  1.1576e-09  1.7674e-09  2.7828e-09
  4.3344e-09  6.9467e-09  1.1208e-08  1.7594e-08  2.7279e-08  4.2568e-08
  6.7553e-08  1.1315e-07  1.9601e-07  3.3998e-07  5.9365e-07  1.0481e-06
  1.8412e-06  3.2180e-06  5.4976e-06  9.0473e-06  1.4206e-05  2.1357e-05
  3.0781e-05  4.2627e-05  5.6803e-05  7.3021e-05  9.0852e-05  1.0997e-04
  1.3033e-04  1.5210e-04  1.7532e-04  1.9958e-04  2.2366e-04  2.4544e-04
  2.6203e-04  2.7017e-04  2.6741e-04  2.5305e-04  2.2845e-04  1.9641e-04
  1.6117e-04  1.2696e-04  9.7047e-05  7.2743e-05  5.4269e-05  4.0792e-05
  3.1154e-05  2.3983e-05  1.8457e-05  1.4036e-05  1.0526e-05  7.7968e-06
  5.7518e-06  4.3104e-06  3.3943e-06  2.8526e-06  2.5282e-06  2.2980e-06
  2.0854e-06
# HOCl profile (VMR-PPMV) for lat -45.0 degrees, month 01:
  2.6292e-11  2.6292e-11  2.6292e-11  2.6292e-11  2.6292e-11  2.6292e-11
  2.6292e-11  2.6292e-11  2.6292e-11  2.6292e-11  2.6292e-11  2.6292e-11
  2.6292e-11  2.6292e-11  2.6292e-11  2.6292e-11  2.6292e-11  2.6292e-11
  2.6292e-11  2.6292e-11  2.6292e-11  2.6292e-11  2.6292e-11  2.6292e-11
  2.6292e-11  2.6292e-11  2.6292e-11  2.6292e-11  2.6292e-11  2.6292e-11
  2.6292e-11  2.6292e-11  2.6292e-11  2.6292e-11  2.6292e-11  2.6292e-11
  2.6292e-11  2.6292e-11  2.6292e-11  2.6292e-11  2.6292e-11  2.6292e-11
  2.6292e-11  2.6292e-11  2.6292e-11  2.6292e-11  2.6292e-11  2.6292e-11
  2.6292e-11  2.6292e-11  2.6292e-11  2.6292e-11  2.6292e-11  2.6292e-11
  7.6967e-11  1.7938e-10  2.8180e-10  3.8422e-10  4.9270e-10  6.2711e-10
  8.0137e-10  1.0668e-09  1.4820e-09  2.0964e-09  3.1062e-09  4.7265e-09
  7.1370e-09  1.0951e-08  1.6851e-08  2.5368e-08  3.7759e-08  5.6511e-08
  8.6049e-08  1.3795e-07  2.2994e-07  3.8751e-07  6.6364e-07  1.1591e-06
  2.0289e-06  3.5628e-06  6.1714e-06  1.0371e-05  1.6711e-05  2.5910e-05
  3.8642e-05  5.5459e-05  7.6580e-05  1.0189e-04  1.3063e-04  1.6139e-04
  1.9207e-04  2.2006e-04  2.4218e-04  2.5571e-04  2.5906e-04  2.5219e-04
  2.3616e-04  2.1307e-04  1.8553e-04  1.5613e-04  1.2702e-04  9.9941e-05
  7.6464e-05  5.7461e-05  4.3081e-05  3.2650e-05  2.5323e-05  2.0089e-05
  1.6090e-05  1.2709e-05  9.7289e-06  7.1167e-06  4.9468e-06  3.2700e-06
  2.0606e-06  1.2373e-06  7.1951e-07  4.2250e-07  2.6301e-07  1.5614e-07
  1.0358e-07
# HOCl profile (VMR-PPMV) for lat -10. degrees, month 01:
  5.0511e-12  5.0511e-12  5.0511e-12  5.0511e-12  5.0511e-12  5.0511e-12
  5.0511e-12  5.0511e-12  5.0511e-12  5.0511e-12  5.0511e-12  5.0511e-12
  5.0511e-12  5.0511e-12  5.0511e-12  5.0511e-12  5.0511e-12  5.0511e-12
  5.0511e-12  5.0511e-12  5.0511e-12  5.0511e-12  5.0511e-12  5.0511e-12
  5.0511e-12  5.0511e-12  5.0511e-12  5.0511e-12  5.0511e-12  5.0511e-12
  5.0511e-12  5.0511e-12  5.0511e-12  5.0511e-12  5.0511e-12  5.0511e-12
  5.0511e-12  5.0511e-12  5.0511e-12  5.0511e-12  5.0511e-12  5.0511e-12
  5.0511e-12  5.0511e-12  5.0511e-12  5.0511e-12  5.0511e-12  5.0511e-12
  5.0511e-12  5.0511e-12  5.0511e-12  5.0511e-12  5.0511e-12  5.0511e-12
  1.8195e-11  8.8080e-11  1.5796e-10  2.2785e-10  3.0362e-10  3.9722e-10
  5.2027e-10  7.1061e-10  1.0115e-09  1.4593e-09  2.2594e-09  3.6413e-09
  5.8082e-09  9.7353e-09  1.6523e-08  2.7098e-08  4.3744e-08  7.0917e-08
  1.1646e-07  1.9996e-07  3.5017e-07  6.0660e-07  1.0443e-06  1.7882e-06
  3.0146e-06  5.0153e-06  8.1833e-06  1.2995e-05  1.9952e-05  2.9746e-05
  4.3081e-05  6.0606e-05  8.2679e-05  1.0924e-04  1.3906e-04  1.6956e-04
  1.9694e-04  2.1692e-04  2.2551e-04  2.2073e-04  2.0325e-04  1.7619e-04
  1.4375e-04  1.1053e-04  8.0266e-05  5.5186e-05  3.5908e-05  2.2239e-05
  1.3368e-05  8.0707e-06  5.0447e-06  3.2992e-06  2.2349e-06  1.5200e-06
  1.0058e-06  6.6025e-07  4.5263e-07  3.4218e-07  2.8342e-07  2.4148e-07
  1.9992e-07  1.5650e-07  1.1515e-07  7.9899e-08  5.2453e-08  2.8075e-08
  1.6609e-08
# HOCl profile (VMR-PPMV) for lat 10. degrees, month 01:
  1.8233e-12  1.8233e-12  1.8233e-12  1.8233e-12  1.8233e-12  1.8233e-12
  1.8233e-12  1.8233e-12  1.8233e-12  1.8233e-12  1.8233e-12  1.8233e-12
  1.8233e-12  1.8233e-12  1.8233e-12  1.8233e-12  1.8233e-12  1.8233e-12
  1.8233e-12  1.8233e-12  1.8233e-12  1.8233e-12  1.8233e-12  1.8233e-12
  1.8233e-12  1.8233e-12  1.8233e-12  1.8233e-12  1.8233e-12  1.8233e-12
  1.8233e-12  1.8233e-12  1.8233e-12  1.8233e-12  1.8233e-12  1.8233e-12
  1.8233e-12  1.8233e-12  1.8233e-12  1.8233e-12  1.8233e-12  1.8233e-12
  1.8233e-12  1.8233e-12  1.8233e-12  1.8233e-12  1.8233e-12  1.8233e-12
  1.8233e-12  1.8233e-12  1.8233e-12  1.8233e-12  1.8233e-12  1.8233e-12
  6.3493e-12  6.0591e-11  1.1483e-10  1.6908e-10  2.2763e-10  3.0188e-10
  4.0090e-10  5.5647e-10  8.0486e-10  1.1767e-09  1.8654e-09  3.0881e-09
  5.0399e-09  8.6064e-09  1.4785e-08  2.4407e-08  3.9402e-08  6.3510e-08
  1.0325e-07  1.7512e-07  3.0381e-07  5.2407e-07  9.0529e-07  1.5690e-06
  2.6924e-06  4.5768e-06  7.6193e-06  1.2286e-05  1.9037e-05  2.8452e-05
  4.1059e-05  5.7290e-05  7.7296e-05  1.0081e-04  1.2644e-04  1.5167e-04
  1.7317e-04  1.8752e-04  1.9177e-04  1.8482e-04  1.6780e-04  1.4371e-04
  1.1616e-04  8.8814e-05  6.4442e-05  4.4540e-05  2.9337e-05  1.8499e-05
  1.1306e-05  6.8465e-06  4.2080e-06  2.6751e-06  1.7555e-06  1.1611e-06
  7.6596e-07  5.3088e-07  4.0454e-07  3.3310e-07  2.8522e-07  2.4373e-07
  2.0073e-07  1.5662e-07  1.1481e-07  7.9230e-08  5.1517e-08  2.7136e-08
  1.5179e-08
# HOCl profile (VMR-PPMV) for lat 45 degrees, month 01:
  2.1583e-11  2.1583e-11  2.1583e-11  2.1583e-11  2.1583e-11  2.1583e-11
  2.1583e-11  2.1583e-11  2.1583e-11  2.1583e-11  2.1583e-11  2.1583e-11
  2.1583e-11  2.1583e-11  2.1583e-11  2.1583e-11  2.1583e-11  2.1583e-11
  2.1583e-11  2.1583e-11  2.1583e-11  2.1583e-11  2.1583e-11  2.1583e-11
  2.1583e-11  2.1583e-11  2.1583e-11  2.1583e-11  2.1583e-11  2.1583e-11
  2.1583e-11  2.1583e-11  2.1583e-11  2.1583e-11  2.1583e-11  2.1583e-11
  2.1583e-11  2.1583e-11  2.1583e-11  2.1583e-11  2.1583e-11  2.1583e-11
  2.1583e-11  2.1583e-11  2.1583e-11  2.1583e-11  2.1583e-11  2.1583e-11
  2.1583e-11  2.1583e-11  2.1583e-11  2.1583e-11  2.1583e-11  2.1583e-11
  2.1583e-11  3.6569e-11  9.4641e-11  1.5271e-10  2.1575e-10  2.9624e-10
  4.0443e-10  5.7586e-10  8.5104e-10  1.2642e-09  2.0710e-09  3.5602e-09
  5.9959e-09  1.0579e-08  1.8661e-08  3.1369e-08  5.1128e-08  8.2569e-08
  1.3363e-07  2.2135e-07  3.6943e-07  6.0861e-07  9.9366e-07  1.6124e-06
  2.5866e-06  4.1143e-06  6.4555e-06  9.9127e-06  1.4781e-05  2.1421e-05
  3.0143e-05  4.1182e-05  5.4604e-05  7.0353e-05  8.8027e-05  1.0687e-04
  1.2575e-04  1.4323e-04  1.5742e-04  1.6659e-04  1.6954e-04  1.6598e-04
  1.5642e-04  1.4218e-04  1.2503e-04  1.0681e-04  8.8960e-05  7.2525e-05
  5.8303e-05  4.6663e-05  3.7605e-05  3.0734e-05  2.5538e-05  2.1383e-05
  1.7724e-05  1.4241e-05  1.0916e-05  7.8922e-06  5.3530e-06  3.4339e-06
  2.1210e-06  1.2947e-06  8.0514e-07  5.3590e-07  3.9302e-07  2.9234e-07
  2.3651e-07
# HOCl profile (VMR-PPMV) for lat 75 degrees, month 01:
  2.0666e-11  2.0666e-11  2.0666e-11  2.0666e-11  2.0666e-11  2.0666e-11
  2.0666e-11  2.0666e-11  2.0666e-11  2.0666e-11  2.0666e-11  2.0666e-11
  2.0666e-11  2.0666e-11  2.0666e-11  2.0666e-11  2.0666e-11  2.0666e-11
  2.0666e-11  2.0666e-11  2.0666e-11  2.0666e-11  2.0666e-11  2.0666e-11
  2.0666e-11  2.0666e-11  2.0666e-11  2.0666e-11  2.0666e-11  2.0666e-11
  2.0666e-11  2.0666e-11  2.0666e-11  2.0666e-11  2.0666e-11  2.0666e-11
  2.0666e-11  2.0666e-11  2.0666e-11  2.0666e-11  2.0666e-11  2.0666e-11
  2.0666e-11  2.0666e-11  2.0666e-11  2.0666e-11  2.0666e-11  2.0666e-11
  2.0666e-11  2.0666e-11  2.0666e-11  2.0666e-11  2.0666e-11  2.0666e-11
  2.0666e-11  3.1354e-11  1.0322e-10  1.7508e-10  2.5339e-10  3.5352e-10
  4.8857e-10  7.0329e-10  1.0487e-09  1.5680e-09  2.6235e-09  4.6260e-09
  7.9554e-09  1.4404e-08  2.5995e-08  4.4423e-08  7.2973e-08  1.1777e-07
  1.8904e-07  3.0565e-07  4.9218e-07  7.7801e-07  1.2098e-06  1.8540e-06
  2.7962e-06  4.1598e-06  6.0967e-06  8.7694e-06  1.2323e-05  1.6917e-05
  2.2664e-05  2.9609e-05  3.7687e-05  4.6754e-05  5.6506e-05  6.6513e-05
  7.6237e-05  8.5088e-05  9.2337e-05  9.7305e-05  9.9493e-05  9.8771e-05
  9.5341e-05  8.9799e-05  8.2877e-05  7.5292e-05  6.7512e-05  5.9836e-05
  5.2413e-05  4.5331e-05  3.8728e-05  3.2756e-05  2.7519e-05  2.2973e-05
  1.8956e-05  1.5317e-05  1.1962e-05  8.9002e-06  6.2327e-06  4.1290e-06
  2.6498e-06  1.7297e-06  1.2096e-06  9.4963e-07  8.3433e-07  7.6182e-07
  7.3540e-07
# Last line of file.
