25-JUN-2015 20:08:10.000000
# V5.1 FILE generated by J.J. Remedios and D. Moore
# HITRAN code of the gas:
 29
# DN:
0 0 0 0 0 0
# COF2 profile (VMR-PPMV) for lat -75.0 degrees, month 10:
  4.8514e-13  5.5922e-13  6.4612e-13  7.4807e-13  1.0306e-12  1.2554e-12
  1.5455e-12  1.9308e-12  2.4442e-12  3.1313e-12  4.0512e-12  5.3030e-12
  6.9893e-12  9.3058e-12  1.2469e-11  1.6913e-11  2.3105e-11  3.1639e-11
  4.3586e-11  6.0316e-11  8.3737e-11  1.1651e-10  1.6238e-10  2.2658e-10
  3.1989e-10  4.5010e-10  6.3145e-10  8.8560e-10  1.2327e-09  1.7127e-09
  2.3805e-09  3.2920e-09  4.5363e-09  6.2293e-09  8.5428e-09  1.1660e-08
  1.5822e-08  2.1585e-08  2.9261e-08  3.9544e-08  5.3297e-08  7.1709e-08
  9.6402e-08  1.2935e-07  1.7343e-07  2.3268e-07  3.1183e-07  4.1806e-07
  5.5738e-07  7.4216e-07  9.9012e-07  1.3142e-06  1.7319e-06  2.2830e-06
  2.9996e-06  3.9280e-06  5.1333e-06  6.6963e-06  8.7223e-06  1.1254e-05
  1.4274e-05  1.7855e-05  2.1416e-05  2.4911e-05  2.8287e-05  3.1481e-05
  3.4423e-05  3.7021e-05  3.9251e-05  4.1168e-05  4.2735e-05  4.4548e-05
  4.6667e-05  4.9133e-05  5.1963e-05  5.5148e-05  5.8659e-05  6.2450e-05
  6.6456e-05  7.0607e-05  7.4917e-05  7.9508e-05  8.4518e-05  8.9996e-05
  9.5918e-05  1.0219e-04  1.0864e-04  1.1508e-04  1.2150e-04  1.2789e-04
  1.3422e-04  1.4048e-04  1.4675e-04  1.5315e-04  1.5968e-04  1.6625e-04
  1.7254e-04  1.7790e-04  1.8147e-04  1.8240e-04  1.8007e-04  1.7423e-04
  1.6459e-04  1.5120e-04  1.3480e-04  1.1630e-04  9.6681e-05  7.8340e-05
  6.2011e-05  4.8126e-05  3.6777e-05  2.8171e-05  2.2327e-05  1.8794e-05
  1.7175e-05  1.7175e-05  1.7175e-05  1.7175e-05  1.7175e-05  1.7175e-05
  1.7175e-05
# COF2 profile (VMR-PPMV) for lat -45.0 degrees, month 10:
  1.0105e-11  1.1460e-11  1.3127e-11  1.5039e-11  1.9180e-11  2.2516e-11
  2.6671e-11  3.1857e-11  3.8361e-11  4.6638e-11  5.7246e-11  7.0825e-11
  8.8279e-11  1.1133e-10  1.4167e-10  1.8147e-10  2.3355e-10  3.0247e-10
  3.9409e-10  5.1613e-10  6.7960e-10  8.9883e-10  1.1926e-09  1.5870e-09
  2.1162e-09  2.8265e-09  3.7785e-09  5.0454e-09  6.7287e-09  8.9569e-09
  1.1889e-08  1.5733e-08  2.0759e-08  2.7313e-08  3.5817e-08  4.6820e-08
  6.1037e-08  7.9358e-08  1.0294e-07  1.3319e-07  1.7195e-07  2.2155e-07
  2.8497e-07  3.6589e-07  4.6903e-07  6.0007e-07  7.6639e-07  9.7716e-07
  1.2436e-06  1.5802e-06  2.0045e-06  2.5377e-06  3.2064e-06  4.0440e-06
  5.0927e-06  6.3997e-06  8.0271e-06  1.0047e-05  1.2550e-05  1.5633e-05
  1.9290e-05  2.3613e-05  2.7836e-05  3.1920e-05  3.5841e-05  3.9580e-05
  4.3142e-05  4.6523e-05  4.9708e-05  5.2789e-05  5.5745e-05  5.9370e-05
  6.3698e-05  6.8732e-05  7.4505e-05  8.1074e-05  8.8473e-05  9.6735e-05
  1.0589e-04  1.1592e-04  1.2679e-04  1.3849e-04  1.5093e-04  1.6394e-04
  1.7721e-04  1.9035e-04  2.0288e-04  2.1432e-04  2.2416e-04  2.3193e-04
  2.3718e-04  2.3959e-04  2.3895e-04  2.3520e-04  2.2843e-04  2.1885e-04
  2.0675e-04  1.9251e-04  1.7659e-04  1.5953e-04  1.4193e-04  1.2438e-04
  1.0734e-04  9.1165e-05  7.6135e-05  6.2434e-05  5.0189e-05  3.9613e-05
  3.0745e-05  2.3467e-05  1.7555e-05  1.2824e-05  9.1162e-06  6.2776e-06
  4.2083e-06  2.8335e-06  1.9265e-06  8.7429e-07  6.1502e-07  4.3694e-07
  3.1062e-07
# COF2 profile (VMR-PPMV) for lat -10. degrees, month 10:
  3.4809e-13  4.0938e-13  4.8815e-13  5.8180e-13  8.2727e-13  1.0305e-12
  1.3001e-12  1.6667e-12  2.1689e-12  2.8606e-12  3.8126e-12  5.1286e-12
  6.9689e-12  9.5421e-12  1.3129e-11  1.8126e-11  2.5217e-11  3.5275e-11
  4.9453e-11  6.9478e-11  9.7802e-11  1.3785e-10  1.9448e-10  2.7470e-10
  3.8815e-10  5.4841e-10  7.7438e-10  1.0927e-09  1.5407e-09  2.1646e-09
  3.0327e-09  4.2391e-09  5.9000e-09  8.1838e-09  1.1323e-08  1.5623e-08
  2.1509e-08  2.9579e-08  4.0641e-08  5.5801e-08  7.6561e-08  1.0498e-07
  1.4392e-07  1.9725e-07  2.7016e-07  3.6956e-07  5.0465e-07  6.8785e-07
  9.3578e-07  1.2691e-06  1.7164e-06  2.3119e-06  3.1036e-06  4.1517e-06
  5.5312e-06  7.3409e-06  9.7020e-06  1.2778e-05  1.6768e-05  2.1676e-05
  2.7585e-05  3.4685e-05  4.1440e-05  4.7710e-05  5.3369e-05  5.8324e-05
  6.2518e-05  6.5914e-05  6.8726e-05  7.1157e-05  7.3277e-05  7.6783e-05
  8.1943e-05  8.9339e-05  9.9378e-05  1.1196e-04  1.2692e-04  1.4401e-04
  1.6238e-04  1.8118e-04  1.9995e-04  2.1811e-04  2.3466e-04  2.4863e-04
  2.5946e-04  2.6653e-04  2.6934e-04  2.6788e-04  2.6234e-04  2.5272e-04
  2.3936e-04  2.2280e-04  2.0378e-04  1.8314e-04  1.6179e-04  1.4059e-04
  1.2024e-04  1.0125e-04  8.3983e-05  6.8579e-05  5.5063e-05  4.3427e-05
  3.3606e-05  2.5433e-05  1.8711e-05  1.3303e-05  9.0841e-06  5.8999e-06
  3.6537e-06  2.2201e-06  1.3881e-06  9.3530e-07  6.9088e-07  5.3886e-07
  4.1833e-07  3.0826e-07  2.2860e-07  1.3101e-07  9.9217e-08  7.5642e-08
  5.7684e-08
# COF2 profile (VMR-PPMV) for lat 10. degrees, month 10:
  4.7047e-13  5.5331e-13  6.5977e-13  7.8636e-13  1.1181e-12  1.3928e-12
  1.7572e-12  2.2527e-12  2.9314e-12  3.8664e-12  5.1531e-12  6.9317e-12
  9.4191e-12  1.2897e-11  1.7746e-11  2.4498e-11  3.4083e-11  4.7677e-11
  6.6840e-11  9.3905e-11  1.3219e-10  1.8631e-10  2.6286e-10  3.7127e-10
  5.2461e-10  7.4122e-10  1.0466e-09  1.4769e-09  2.0823e-09  2.9256e-09
  4.0990e-09  5.7295e-09  7.9743e-09  1.1061e-08  1.5303e-08  2.1115e-08
  2.9072e-08  3.9978e-08  5.4930e-08  7.5419e-08  1.0348e-07  1.4189e-07
  1.9452e-07  2.6659e-07  3.6514e-07  4.9949e-07  6.8208e-07  9.2969e-07
  1.2648e-06  1.7153e-06  2.3198e-06  3.1247e-06  4.1947e-06  5.6113e-06
  7.4759e-06  9.9218e-06  1.3113e-05  1.7271e-05  2.2663e-05  2.9297e-05
  3.7283e-05  4.6880e-05  5.6498e-05  6.6060e-05  7.5462e-05  8.4592e-05
  9.3316e-05  1.0147e-04  1.0916e-04  1.1639e-04  1.2303e-04  1.3077e-04
  1.3992e-04  1.5072e-04  1.6315e-04  1.7711e-04  1.9245e-04  2.0878e-04
  2.2558e-04  2.4236e-04  2.5851e-04  2.7307e-04  2.8507e-04  2.9382e-04
  2.9866e-04  2.9906e-04  2.9487e-04  2.8619e-04  2.7320e-04  2.5637e-04
  2.3652e-04  2.1455e-04  1.9139e-04  1.6796e-04  1.4511e-04  1.2350e-04
  1.0354e-04  8.5536e-05  6.9614e-05  5.5724e-05  4.3774e-05  3.3716e-05
  2.5438e-05  1.8723e-05  1.3374e-05  9.2577e-06  6.2081e-06  4.0079e-06
  2.5351e-06  1.6497e-06  1.1408e-06  8.4023e-07  6.5555e-07  5.2356e-07
  4.0994e-07  3.0208e-07  2.2402e-07  1.2838e-07  9.7227e-08  7.4125e-08
  5.6527e-08
# COF2 profile (VMR-PPMV) for lat 45 degrees, month 10:
  1.2527e-11  1.4206e-11  1.6273e-11  1.8643e-11  2.3777e-11  2.7911e-11
  3.3062e-11  3.9491e-11  4.7553e-11  5.7814e-11  7.0964e-11  8.7797e-11
  1.0943e-10  1.3801e-10  1.7562e-10  2.2496e-10  2.8951e-10  3.7495e-10
  4.8853e-10  6.3981e-10  8.4246e-10  1.1142e-09  1.4784e-09  1.9673e-09
  2.6233e-09  3.5038e-09  4.6840e-09  6.2545e-09  8.3411e-09  1.1103e-08
  1.4738e-08  1.9503e-08  2.5733e-08  3.3858e-08  4.4400e-08  5.8040e-08
  7.5663e-08  9.8375e-08  1.2760e-07  1.6511e-07  2.1315e-07  2.7464e-07
  3.5325e-07  4.5357e-07  5.8142e-07  7.4387e-07  9.5004e-07  1.2113e-06
  1.5416e-06  1.9589e-06  2.4848e-06  3.1458e-06  3.9748e-06  5.0131e-06
  6.3131e-06  7.9333e-06  9.9507e-06  1.2454e-05  1.5558e-05  1.9379e-05
  2.3912e-05  2.9271e-05  3.4634e-05  3.9951e-05  4.5167e-05  5.0220e-05
  5.5059e-05  5.9621e-05  6.3852e-05  6.7844e-05  7.1575e-05  7.5942e-05
  8.1049e-05  8.6985e-05  9.3903e-05  1.0193e-04  1.1109e-04  1.2133e-04
  1.3251e-04  1.4428e-04  1.5610e-04  1.6757e-04  1.7845e-04  1.8849e-04
  1.9745e-04  2.0533e-04  2.1202e-04  2.1727e-04  2.2096e-04  2.2315e-04
  2.2375e-04  2.2258e-04  2.1942e-04  2.1406e-04  2.0627e-04  1.9595e-04
  1.8334e-04  1.6881e-04  1.5282e-04  1.3593e-04  1.1873e-04  1.0180e-04
  8.5617e-05  7.0555e-05  5.6944e-05  4.4970e-05  3.4710e-05  2.6245e-05
  1.9468e-05  1.4167e-05  1.0081e-05  7.0062e-06  4.7651e-06  3.1651e-06
  2.0736e-06  1.3962e-06  9.4925e-07  4.3079e-07  3.0304e-07  2.1529e-07
  1.5305e-07
# COF2 profile (VMR-PPMV) for lat 75 degrees, month 10:
  6.3395e-07  6.5325e-07  6.7355e-07  6.9457e-07  7.3031e-07  7.5948e-07
  7.9154e-07  8.2725e-07  8.6700e-07  9.1087e-07  9.5912e-07  1.0124e-06
  1.0705e-06  1.1343e-06  1.2039e-06  1.2807e-06  1.3646e-06  1.4556e-06
  1.5546e-06  1.6624e-06  1.7792e-06  1.9058e-06  2.0426e-06  2.1905e-06
  2.3521e-06  2.5256e-06  2.7121e-06  2.9127e-06  3.1257e-06  3.3534e-06
  3.5974e-06  3.8567e-06  4.1320e-06  4.4216e-06  4.7294e-06  5.0549e-06
  5.3971e-06  5.7647e-06  6.1519e-06  6.5598e-06  6.9913e-06  7.4480e-06
  7.9319e-06  8.4430e-06  8.9852e-06  9.5626e-06  1.0171e-05  1.0820e-05
  1.1502e-05  1.2225e-05  1.2995e-05  1.3802e-05  1.4647e-05  1.5539e-05
  1.6474e-05  1.7452e-05  1.8477e-05  1.9557e-05  2.0690e-05  2.1888e-05
  2.3184e-05  2.4582e-05  2.5930e-05  2.7204e-05  2.8383e-05  2.9451e-05
  3.0396e-05  3.1211e-05  3.1883e-05  3.2406e-05  3.2807e-05  3.3266e-05
  3.3862e-05  3.4673e-05  3.5779e-05  3.7266e-05  3.9222e-05  4.1734e-05
  4.4889e-05  4.8786e-05  5.3552e-05  5.9378e-05  6.6469e-05  7.5000e-05
  8.5102e-05  9.6791e-05  1.0991e-04  1.2415e-04  1.3906e-04  1.5402e-04
  1.6828e-04  1.8103e-04  1.9149e-04  1.9900e-04  2.0303e-04  2.0331e-04
  1.9980e-04  1.9263e-04  1.8216e-04  1.6892e-04  1.5361e-04  1.3704e-04
  1.1992e-04  1.0286e-04  8.6451e-05  7.1124e-05  5.7177e-05  4.5231e-05
  3.5314e-05  2.7299e-05  2.0925e-05  1.5983e-05  1.2273e-05  9.5575e-06
  7.6755e-06  6.5164e-06  5.5560e-06  4.3386e-06  3.7326e-06  3.2450e-06
  2.8317e-06
# COF2 profile (VMR-PPMV) for lat -75.0 degrees, month 10:
  4.8514e-13  5.5922e-13  6.4612e-13  7.4807e-13  1.0306e-12  1.2554e-12
  1.5455e-12  1.9308e-12  2.4442e-12  3.1313e-12  4.0512e-12  5.3030e-12
  6.9893e-12  9.3058e-12  1.2469e-11  1.6913e-11  2.3105e-11  3.1639e-11
  4.3586e-11  6.0316e-11  8.3737e-11  1.1651e-10  1.6238e-10  2.2658e-10
  3.1989e-10  4.5010e-10  6.3145e-10  8.8560e-10  1.2327e-09  1.7127e-09
  2.3805e-09  3.2920e-09  4.5363e-09  6.2293e-09  8.5428e-09  1.1660e-08
  1.5822e-08  2.1585e-08  2.9261e-08  3.9544e-08  5.3297e-08  7.1709e-08
  9.6402e-08  1.2935e-07  1.7343e-07  2.3268e-07  3.1183e-07  4.1806e-07
  5.5738e-07  7.4216e-07  9.9012e-07  1.3142e-06  1.7319e-06  2.2830e-06
  2.9996e-06  3.9280e-06  5.1333e-06  6.6963e-06  8.7223e-06  1.1254e-05
  1.4274e-05  1.7855e-05  2.1416e-05  2.4911e-05  2.8287e-05  3.1481e-05
  3.4423e-05  3.7021e-05  3.9251e-05  4.1168e-05  4.2735e-05  4.4548e-05
  4.6667e-05  4.9133e-05  5.1963e-05  5.5148e-05  5.8659e-05  6.2450e-05
  6.6456e-05  7.0607e-05  7.4917e-05  7.9508e-05  8.4518e-05  8.9996e-05
  9.5918e-05  1.0219e-04  1.0864e-04  1.1508e-04  1.2150e-04  1.2789e-04
  1.3422e-04  1.4048e-04  1.4675e-04  1.5315e-04  1.5968e-04  1.6625e-04
  1.7254e-04  1.7790e-04  1.8147e-04  1.8240e-04  1.8007e-04  1.7423e-04
  1.6459e-04  1.5120e-04  1.3480e-04  1.1630e-04  9.6681e-05  7.8340e-05
  6.2011e-05  4.8126e-05  3.6777e-05  2.8171e-05  2.2327e-05  1.8794e-05
  1.7175e-05  1.7175e-05  1.7175e-05  1.7175e-05  1.7175e-05  1.7175e-05
  1.7175e-05
# COF2 profile (VMR-PPMV) for lat -45.0 degrees, month 10:
  1.0105e-11  1.1460e-11  1.3127e-11  1.5039e-11  1.9180e-11  2.2516e-11
  2.6671e-11  3.1857e-11  3.8361e-11  4.6638e-11  5.7246e-11  7.0825e-11
  8.8279e-11  1.1133e-10  1.4167e-10  1.8147e-10  2.3355e-10  3.0247e-10
  3.9409e-10  5.1613e-10  6.7960e-10  8.9883e-10  1.1926e-09  1.5870e-09
  2.1162e-09  2.8265e-09  3.7785e-09  5.0454e-09  6.7287e-09  8.9569e-09
  1.1889e-08  1.5733e-08  2.0759e-08  2.7313e-08  3.5817e-08  4.6820e-08
  6.1037e-08  7.9358e-08  1.0294e-07  1.3319e-07  1.7195e-07  2.2155e-07
  2.8497e-07  3.6589e-07  4.6903e-07  6.0007e-07  7.6639e-07  9.7716e-07
  1.2436e-06  1.5802e-06  2.0045e-06  2.5377e-06  3.2064e-06  4.0440e-06
  5.0927e-06  6.3997e-06  8.0271e-06  1.0047e-05  1.2550e-05  1.5633e-05
  1.9290e-05  2.3613e-05  2.7836e-05  3.1920e-05  3.5841e-05  3.9580e-05
  4.3142e-05  4.6523e-05  4.9708e-05  5.2789e-05  5.5745e-05  5.9370e-05
  6.3698e-05  6.8732e-05  7.4505e-05  8.1074e-05  8.8473e-05  9.6735e-05
  1.0589e-04  1.1592e-04  1.2679e-04  1.3849e-04  1.5093e-04  1.6394e-04
  1.7721e-04  1.9035e-04  2.0288e-04  2.1432e-04  2.2416e-04  2.3193e-04
  2.3718e-04  2.3959e-04  2.3895e-04  2.3520e-04  2.2843e-04  2.1885e-04
  2.0675e-04  1.9251e-04  1.7659e-04  1.5953e-04  1.4193e-04  1.2438e-04
  1.0734e-04  9.1165e-05  7.6135e-05  6.2434e-05  5.0189e-05  3.9613e-05
  3.0745e-05  2.3467e-05  1.7555e-05  1.2824e-05  9.1162e-06  6.2776e-06
  4.2083e-06  2.8335e-06  1.9265e-06  8.7429e-07  6.1502e-07  4.3694e-07
  3.1062e-07
# COF2 profile (VMR-PPMV) for lat -10. degrees, month 10:
  3.4809e-13  4.0938e-13  4.8815e-13  5.8180e-13  8.2727e-13  1.0305e-12
  1.3001e-12  1.6667e-12  2.1689e-12  2.8606e-12  3.8126e-12  5.1286e-12
  6.9689e-12  9.5421e-12  1.3129e-11  1.8126e-11  2.5217e-11  3.5275e-11
  4.9453e-11  6.9478e-11  9.7802e-11  1.3785e-10  1.9448e-10  2.7470e-10
  3.8815e-10  5.4841e-10  7.7438e-10  1.0927e-09  1.5407e-09  2.1646e-09
  3.0327e-09  4.2391e-09  5.9000e-09  8.1838e-09  1.1323e-08  1.5623e-08
  2.1509e-08  2.9579e-08  4.0641e-08  5.5801e-08  7.6561e-08  1.0498e-07
  1.4392e-07  1.9725e-07  2.7016e-07  3.6956e-07  5.0465e-07  6.8785e-07
  9.3578e-07  1.2691e-06  1.7164e-06  2.3119e-06  3.1036e-06  4.1517e-06
  5.5312e-06  7.3409e-06  9.7020e-06  1.2778e-05  1.6768e-05  2.1676e-05
  2.7585e-05  3.4685e-05  4.1440e-05  4.7710e-05  5.3369e-05  5.8324e-05
  6.2518e-05  6.5914e-05  6.8726e-05  7.1157e-05  7.3277e-05  7.6783e-05
  8.1943e-05  8.9339e-05  9.9378e-05  1.1196e-04  1.2692e-04  1.4401e-04
  1.6238e-04  1.8118e-04  1.9995e-04  2.1811e-04  2.3466e-04  2.4863e-04
  2.5946e-04  2.6653e-04  2.6934e-04  2.6788e-04  2.6234e-04  2.5272e-04
  2.3936e-04  2.2280e-04  2.0378e-04  1.8314e-04  1.6179e-04  1.4059e-04
  1.2024e-04  1.0125e-04  8.3983e-05  6.8579e-05  5.5063e-05  4.3427e-05
  3.3606e-05  2.5433e-05  1.8711e-05  1.3303e-05  9.0841e-06  5.8999e-06
  3.6537e-06  2.2201e-06  1.3881e-06  9.3530e-07  6.9088e-07  5.3886e-07
  4.1833e-07  3.0826e-07  2.2860e-07  1.3101e-07  9.9217e-08  7.5642e-08
  5.7684e-08
# COF2 profile (VMR-PPMV) for lat 10. degrees, month 10:
  4.7047e-13  5.5331e-13  6.5977e-13  7.8636e-13  1.1181e-12  1.3928e-12
  1.7572e-12  2.2527e-12  2.9314e-12  3.8664e-12  5.1531e-12  6.9317e-12
  9.4191e-12  1.2897e-11  1.7746e-11  2.4498e-11  3.4083e-11  4.7677e-11
  6.6840e-11  9.3905e-11  1.3219e-10  1.8631e-10  2.6286e-10  3.7127e-10
  5.2461e-10  7.4122e-10  1.0466e-09  1.4769e-09  2.0823e-09  2.9256e-09
  4.0990e-09  5.7295e-09  7.9743e-09  1.1061e-08  1.5303e-08  2.1115e-08
  2.9072e-08  3.9978e-08  5.4930e-08  7.5419e-08  1.0348e-07  1.4189e-07
  1.9452e-07  2.6659e-07  3.6514e-07  4.9949e-07  6.8208e-07  9.2969e-07
  1.2648e-06  1.7153e-06  2.3198e-06  3.1247e-06  4.1947e-06  5.6113e-06
  7.4759e-06  9.9218e-06  1.3113e-05  1.7271e-05  2.2663e-05  2.9297e-05
  3.7283e-05  4.6880e-05  5.6498e-05  6.6060e-05  7.5462e-05  8.4592e-05
  9.3316e-05  1.0147e-04  1.0916e-04  1.1639e-04  1.2303e-04  1.3077e-04
  1.3992e-04  1.5072e-04  1.6315e-04  1.7711e-04  1.9245e-04  2.0878e-04
  2.2558e-04  2.4236e-04  2.5851e-04  2.7307e-04  2.8507e-04  2.9382e-04
  2.9866e-04  2.9906e-04  2.9487e-04  2.8619e-04  2.7320e-04  2.5637e-04
  2.3652e-04  2.1455e-04  1.9139e-04  1.6796e-04  1.4511e-04  1.2350e-04
  1.0354e-04  8.5536e-05  6.9614e-05  5.5724e-05  4.3774e-05  3.3716e-05
  2.5438e-05  1.8723e-05  1.3374e-05  9.2577e-06  6.2081e-06  4.0079e-06
  2.5351e-06  1.6497e-06  1.1408e-06  8.4023e-07  6.5555e-07  5.2356e-07
  4.0994e-07  3.0208e-07  2.2402e-07  1.2838e-07  9.7227e-08  7.4125e-08
  5.6527e-08
# COF2 profile (VMR-PPMV) for lat 45 degrees, month 10:
  1.2527e-11  1.4206e-11  1.6273e-11  1.8643e-11  2.3777e-11  2.7911e-11
  3.3062e-11  3.9491e-11  4.7553e-11  5.7814e-11  7.0964e-11  8.7797e-11
  1.0943e-10  1.3801e-10  1.7562e-10  2.2496e-10  2.8951e-10  3.7495e-10
  4.8853e-10  6.3981e-10  8.4246e-10  1.1142e-09  1.4784e-09  1.9673e-09
  2.6233e-09  3.5038e-09  4.6840e-09  6.2545e-09  8.3411e-09  1.1103e-08
  1.4738e-08  1.9503e-08  2.5733e-08  3.3858e-08  4.4400e-08  5.8040e-08
  7.5663e-08  9.8375e-08  1.2760e-07  1.6511e-07  2.1315e-07  2.7464e-07
  3.5325e-07  4.5357e-07  5.8142e-07  7.4387e-07  9.5004e-07  1.2113e-06
  1.5416e-06  1.9589e-06  2.4848e-06  3.1458e-06  3.9748e-06  5.0131e-06
  6.3131e-06  7.9333e-06  9.9507e-06  1.2454e-05  1.5558e-05  1.9379e-05
  2.3912e-05  2.9271e-05  3.4634e-05  3.9951e-05  4.5167e-05  5.0220e-05
  5.5059e-05  5.9621e-05  6.3852e-05  6.7844e-05  7.1575e-05  7.5942e-05
  8.1049e-05  8.6985e-05  9.3903e-05  1.0193e-04  1.1109e-04  1.2133e-04
  1.3251e-04  1.4428e-04  1.5610e-04  1.6757e-04  1.7845e-04  1.8849e-04
  1.9745e-04  2.0533e-04  2.1202e-04  2.1727e-04  2.2096e-04  2.2315e-04
  2.2375e-04  2.2258e-04  2.1942e-04  2.1406e-04  2.0627e-04  1.9595e-04
  1.8334e-04  1.6881e-04  1.5282e-04  1.3593e-04  1.1873e-04  1.0180e-04
  8.5617e-05  7.0555e-05  5.6944e-05  4.4970e-05  3.4710e-05  2.6245e-05
  1.9468e-05  1.4167e-05  1.0081e-05  7.0062e-06  4.7651e-06  3.1651e-06
  2.0736e-06  1.3962e-06  9.4925e-07  4.3079e-07  3.0304e-07  2.1529e-07
  1.5305e-07
# COF2 profile (VMR-PPMV) for lat 75 degrees, month 10:
  6.3395e-07  6.5325e-07  6.7355e-07  6.9457e-07  7.3031e-07  7.5948e-07
  7.9154e-07  8.2725e-07  8.6700e-07  9.1087e-07  9.5912e-07  1.0124e-06
  1.0705e-06  1.1343e-06  1.2039e-06  1.2807e-06  1.3646e-06  1.4556e-06
  1.5546e-06  1.6624e-06  1.7792e-06  1.9058e-06  2.0426e-06  2.1905e-06
  2.3521e-06  2.5256e-06  2.7121e-06  2.9127e-06  3.1257e-06  3.3534e-06
  3.5974e-06  3.8567e-06  4.1320e-06  4.4216e-06  4.7294e-06  5.0549e-06
  5.3971e-06  5.7647e-06  6.1519e-06  6.5598e-06  6.9913e-06  7.4480e-06
  7.9319e-06  8.4430e-06  8.9852e-06  9.5626e-06  1.0171e-05  1.0820e-05
  1.1502e-05  1.2225e-05  1.2995e-05  1.3802e-05  1.4647e-05  1.5539e-05
  1.6474e-05  1.7452e-05  1.8477e-05  1.9557e-05  2.0690e-05  2.1888e-05
  2.3184e-05  2.4582e-05  2.5930e-05  2.7204e-05  2.8383e-05  2.9451e-05
  3.0396e-05  3.1211e-05  3.1883e-05  3.2406e-05  3.2807e-05  3.3266e-05
  3.3862e-05  3.4673e-05  3.5779e-05  3.7266e-05  3.9222e-05  4.1734e-05
  4.4889e-05  4.8786e-05  5.3552e-05  5.9378e-05  6.6469e-05  7.5000e-05
  8.5102e-05  9.6791e-05  1.0991e-04  1.2415e-04  1.3906e-04  1.5402e-04
  1.6828e-04  1.8103e-04  1.9149e-04  1.9900e-04  2.0303e-04  2.0331e-04
  1.9980e-04  1.9263e-04  1.8216e-04  1.6892e-04  1.5361e-04  1.3704e-04
  1.1992e-04  1.0286e-04  8.6451e-05  7.1124e-05  5.7177e-05  4.5231e-05
  3.5314e-05  2.7299e-05  2.0925e-05  1.5983e-05  1.2273e-05  9.5575e-06
  7.6755e-06  6.5164e-06  5.5560e-06  4.3386e-06  3.7326e-06  3.2450e-06
  2.8317e-06
# Last line of file.
