21-JAN-2014 12:02:30.000000
# V5 INTERIM FILE generated by J.J. Remedios and H. Sembhi
# HITRAN code of the gas:
  2
# DN:
0 0 0 0 0 0
# CO2 profile (VMR-PPMV) for lat -75.0 degrees, month 10:
  3.8223e+01  3.8753e+01  4.0340e+01  4.2975e+01  4.6641e+01  5.1315e+01
  5.6970e+01  6.3569e+01  7.1072e+01  7.9433e+01  8.8601e+01  9.8518e+01
  1.0912e+02  1.2035e+02  1.3214e+02  1.4440e+02  1.5707e+02  1.7007e+02
  1.8332e+02  1.9673e+02  2.1022e+02  2.2372e+02  2.3713e+02  2.5038e+02
  2.6338e+02  2.7605e+02  2.8831e+02  3.0009e+02  3.1132e+02  3.2193e+02
  3.3185e+02  3.4101e+02  3.4938e+02  3.5688e+02  3.6348e+02  3.6913e+02
  3.7381e+02  3.7747e+02  3.8011e+02  3.8170e+02  3.8223e+02  3.8223e+02
  3.8223e+02  3.8223e+02  3.8223e+02  3.8223e+02  3.8223e+02  3.8223e+02
  3.8223e+02  3.8223e+02  3.8223e+02  3.8223e+02  3.8223e+02  3.8223e+02
  3.8223e+02  3.8223e+02  3.8223e+02  3.8223e+02  3.8223e+02  3.8223e+02
  3.8223e+02  3.8223e+02  3.8223e+02  3.8223e+02  3.8223e+02  3.8223e+02
  3.8223e+02  3.8223e+02  3.8223e+02  3.8223e+02  3.8223e+02  3.8223e+02
  3.8223e+02  3.8223e+02  3.8223e+02  3.8223e+02  3.8223e+02  3.8223e+02
  3.8223e+02  3.8223e+02  3.8223e+02  3.8223e+02  3.8223e+02  3.8223e+02
  3.8223e+02  3.8223e+02  3.8223e+02  3.8223e+02  3.8223e+02  3.8223e+02
  3.8223e+02  3.8223e+02  3.8223e+02  3.8223e+02  3.8223e+02  3.8223e+02
  3.8225e+02  3.8225e+02  3.8226e+02  3.8228e+02  3.8229e+02  3.8230e+02
  3.8232e+02  3.8244e+02  3.8280e+02  3.8345e+02  3.8441e+02  3.8570e+02
  3.8703e+02  3.8809e+02  3.8885e+02  3.8929e+02  3.8940e+02  3.8937e+02
  3.8932e+02  3.8929e+02  3.8924e+02  3.8919e+02  3.8913e+02  3.8909e+02
  3.8906e+02
# CO2 profile (VMR-PPMV) for lat -45.0 degrees, month 10:
  3.8257e+01  3.8788e+01  4.0377e+01  4.3014e+01  4.6683e+01  5.1362e+01
  5.7022e+01  6.3627e+01  7.1137e+01  7.9506e+01  8.8681e+01  9.8608e+01
  1.0922e+02  1.2046e+02  1.3226e+02  1.4453e+02  1.5722e+02  1.7023e+02
  1.8348e+02  1.9691e+02  2.1042e+02  2.2392e+02  2.3735e+02  2.5061e+02
  2.6362e+02  2.7630e+02  2.8857e+02  3.0037e+02  3.1161e+02  3.2222e+02
  3.3215e+02  3.4133e+02  3.4969e+02  3.5720e+02  3.6381e+02  3.6947e+02
  3.7415e+02  3.7782e+02  3.8045e+02  3.8204e+02  3.8257e+02  3.8257e+02
  3.8257e+02  3.8257e+02  3.8257e+02  3.8257e+02  3.8257e+02  3.8257e+02
  3.8257e+02  3.8257e+02  3.8257e+02  3.8257e+02  3.8257e+02  3.8257e+02
  3.8257e+02  3.8257e+02  3.8257e+02  3.8257e+02  3.8257e+02  3.8257e+02
  3.8257e+02  3.8257e+02  3.8257e+02  3.8257e+02  3.8257e+02  3.8257e+02
  3.8257e+02  3.8257e+02  3.8257e+02  3.8257e+02  3.8257e+02  3.8257e+02
  3.8257e+02  3.8257e+02  3.8257e+02  3.8257e+02  3.8257e+02  3.8257e+02
  3.8257e+02  3.8257e+02  3.8257e+02  3.8257e+02  3.8257e+02  3.8257e+02
  3.8257e+02  3.8257e+02  3.8257e+02  3.8257e+02  3.8257e+02  3.8257e+02
  3.8257e+02  3.8257e+02  3.8257e+02  3.8257e+02  3.8257e+02  3.8257e+02
  3.8288e+02  3.8306e+02  3.8333e+02  3.8369e+02  3.8417e+02  3.8479e+02
  3.8556e+02  3.8639e+02  3.8722e+02  3.8801e+02  3.8878e+02  3.8934e+02
  3.8975e+02  3.9007e+02  3.9025e+02  3.9025e+02  3.9025e+02  3.9025e+02
  3.9025e+02  3.9021e+02  3.9010e+02  3.8992e+02  3.8969e+02  3.8946e+02
  3.8927e+02
# CO2 profile (VMR-PPMV) for lat -10. degrees, month 10:
  3.8529e+01  3.9064e+01  4.0664e+01  4.3320e+01  4.7015e+01  5.1727e+01
  5.7427e+01  6.4079e+01  7.1642e+01  8.0071e+01  8.9312e+01  9.9309e+01
  1.1000e+02  1.2132e+02  1.3320e+02  1.4556e+02  1.5833e+02  1.7144e+02
  1.8479e+02  1.9831e+02  2.1191e+02  2.2551e+02  2.3903e+02  2.5239e+02
  2.6549e+02  2.7826e+02  2.9062e+02  3.0250e+02  3.1382e+02  3.2451e+02
  3.3451e+02  3.4375e+02  3.5218e+02  3.5974e+02  3.6640e+02  3.7209e+02
  3.7681e+02  3.8050e+02  3.8316e+02  3.8476e+02  3.8529e+02  3.8529e+02
  3.8529e+02  3.8529e+02  3.8529e+02  3.8529e+02  3.8529e+02  3.8529e+02
  3.8529e+02  3.8529e+02  3.8529e+02  3.8529e+02  3.8529e+02  3.8529e+02
  3.8529e+02  3.8529e+02  3.8529e+02  3.8529e+02  3.8529e+02  3.8529e+02
  3.8529e+02  3.8529e+02  3.8529e+02  3.8529e+02  3.8529e+02  3.8529e+02
  3.8529e+02  3.8529e+02  3.8529e+02  3.8529e+02  3.8529e+02  3.8529e+02
  3.8529e+02  3.8529e+02  3.8529e+02  3.8529e+02  3.8529e+02  3.8529e+02
  3.8529e+02  3.8529e+02  3.8529e+02  3.8529e+02  3.8529e+02  3.8529e+02
  3.8529e+02  3.8529e+02  3.8529e+02  3.8529e+02  3.8529e+02  3.8529e+02
  3.8529e+02  3.8529e+02  3.8529e+02  3.8529e+02  3.8529e+02  3.8529e+02
  3.8611e+02  3.8635e+02  3.8669e+02  3.8712e+02  3.8761e+02  3.8822e+02
  3.8890e+02  3.8947e+02  3.8995e+02  3.9030e+02  3.9043e+02  3.9043e+02
  3.9043e+02  3.9043e+02  3.9043e+02  3.9043e+02  3.9043e+02  3.9043e+02
  3.9009e+02  3.8954e+02  3.8879e+02  3.8783e+02  3.8787e+02  3.8826e+02
  3.8885e+02
# CO2 profile (VMR-PPMV) for lat 10. degrees, month 10:
  3.8515e+01  3.9050e+01  4.0649e+01  4.3304e+01  4.6998e+01  5.1708e+01
  5.7406e+01  6.4056e+01  7.1616e+01  8.0042e+01  8.9279e+01  9.9273e+01
  1.0996e+02  1.2128e+02  1.3315e+02  1.4551e+02  1.5828e+02  1.7137e+02
  1.8472e+02  1.9824e+02  2.1183e+02  2.2543e+02  2.3895e+02  2.5229e+02
  2.6539e+02  2.7816e+02  2.9052e+02  3.0239e+02  3.1371e+02  3.2440e+02
  3.3439e+02  3.4363e+02  3.5205e+02  3.5961e+02  3.6626e+02  3.7196e+02
  3.7667e+02  3.8036e+02  3.8302e+02  3.8462e+02  3.8515e+02  3.8515e+02
  3.8515e+02  3.8515e+02  3.8515e+02  3.8515e+02  3.8515e+02  3.8515e+02
  3.8515e+02  3.8515e+02  3.8515e+02  3.8515e+02  3.8515e+02  3.8515e+02
  3.8515e+02  3.8515e+02  3.8515e+02  3.8515e+02  3.8515e+02  3.8515e+02
  3.8515e+02  3.8515e+02  3.8515e+02  3.8515e+02  3.8515e+02  3.8515e+02
  3.8515e+02  3.8515e+02  3.8515e+02  3.8515e+02  3.8515e+02  3.8515e+02
  3.8515e+02  3.8515e+02  3.8515e+02  3.8515e+02  3.8515e+02  3.8515e+02
  3.8515e+02  3.8515e+02  3.8515e+02  3.8515e+02  3.8515e+02  3.8515e+02
  3.8515e+02  3.8515e+02  3.8515e+02  3.8515e+02  3.8515e+02  3.8515e+02
  3.8515e+02  3.8515e+02  3.8515e+02  3.8515e+02  3.8515e+02  3.8515e+02
  3.8609e+02  3.8636e+02  3.8673e+02  3.8722e+02  3.8772e+02  3.8834e+02
  3.8911e+02  3.8978e+02  3.9033e+02  3.9076e+02  3.9098e+02  3.9098e+02
  3.9098e+02  3.9098e+02  3.9098e+02  3.9098e+02  3.9098e+02  3.9098e+02
  3.9107e+02  3.9117e+02  3.9136e+02  3.9163e+02  3.9197e+02  3.9223e+02
  3.9248e+02
# CO2 profile (VMR-PPMV) for lat 45 degrees, month 10:
  3.8220e+01  3.8750e+01  4.0338e+01  4.2972e+01  4.6638e+01  5.1312e+01
  5.6966e+01  6.3565e+01  7.1067e+01  7.9428e+01  8.8595e+01  9.8512e+01
  1.0912e+02  1.2035e+02  1.3213e+02  1.4439e+02  1.5706e+02  1.7006e+02
  1.8331e+02  1.9672e+02  2.1021e+02  2.2370e+02  2.3712e+02  2.5036e+02
  2.6336e+02  2.7603e+02  2.8829e+02  3.0008e+02  3.1130e+02  3.2191e+02
  3.3183e+02  3.4099e+02  3.4935e+02  3.5686e+02  3.6345e+02  3.6911e+02
  3.7378e+02  3.7745e+02  3.8008e+02  3.8167e+02  3.8220e+02  3.8220e+02
  3.8220e+02  3.8220e+02  3.8220e+02  3.8220e+02  3.8220e+02  3.8220e+02
  3.8220e+02  3.8220e+02  3.8220e+02  3.8220e+02  3.8220e+02  3.8220e+02
  3.8220e+02  3.8220e+02  3.8220e+02  3.8220e+02  3.8220e+02  3.8220e+02
  3.8220e+02  3.8220e+02  3.8220e+02  3.8220e+02  3.8220e+02  3.8220e+02
  3.8220e+02  3.8220e+02  3.8220e+02  3.8220e+02  3.8220e+02  3.8220e+02
  3.8220e+02  3.8220e+02  3.8220e+02  3.8220e+02  3.8220e+02  3.8220e+02
  3.8220e+02  3.8220e+02  3.8220e+02  3.8220e+02  3.8220e+02  3.8220e+02
  3.8220e+02  3.8220e+02  3.8220e+02  3.8220e+02  3.8220e+02  3.8220e+02
  3.8220e+02  3.8220e+02  3.8220e+02  3.8220e+02  3.8220e+02  3.8220e+02
  3.8256e+02  3.8278e+02  3.8312e+02  3.8364e+02  3.8437e+02  3.8535e+02
  3.8635e+02  3.8731e+02  3.8805e+02  3.8879e+02  3.8955e+02  3.9015e+02
  3.9068e+02  3.9123e+02  3.9154e+02  3.9154e+02  3.9154e+02  3.9154e+02
  3.9184e+02  3.9231e+02  3.9290e+02  3.9412e+02  3.9548e+02  3.9654e+02
  3.9744e+02
# CO2 profile (VMR-PPMV) for lat 75 degrees, month 10:
  3.8213e+01  3.8743e+01  4.0330e+01  4.2964e+01  4.6629e+01  5.1302e+01
  5.6955e+01  6.3553e+01  7.1054e+01  7.9413e+01  8.8578e+01  9.8493e+01
  1.0910e+02  1.2032e+02  1.3210e+02  1.4437e+02  1.5703e+02  1.7003e+02
  1.8327e+02  1.9668e+02  2.1017e+02  2.2366e+02  2.3707e+02  2.5031e+02
  2.6331e+02  2.7598e+02  2.8824e+02  3.0002e+02  3.1125e+02  3.2185e+02
  3.3176e+02  3.4093e+02  3.4929e+02  3.5679e+02  3.6339e+02  3.6904e+02
  3.7371e+02  3.7738e+02  3.8001e+02  3.8160e+02  3.8213e+02  3.8213e+02
  3.8213e+02  3.8213e+02  3.8213e+02  3.8213e+02  3.8213e+02  3.8213e+02
  3.8213e+02  3.8213e+02  3.8213e+02  3.8213e+02  3.8213e+02  3.8213e+02
  3.8213e+02  3.8213e+02  3.8213e+02  3.8213e+02  3.8213e+02  3.8213e+02
  3.8213e+02  3.8213e+02  3.8213e+02  3.8213e+02  3.8213e+02  3.8213e+02
  3.8213e+02  3.8213e+02  3.8213e+02  3.8213e+02  3.8213e+02  3.8213e+02
  3.8213e+02  3.8213e+02  3.8213e+02  3.8213e+02  3.8213e+02  3.8213e+02
  3.8213e+02  3.8213e+02  3.8213e+02  3.8213e+02  3.8213e+02  3.8213e+02
  3.8213e+02  3.8213e+02  3.8213e+02  3.8213e+02  3.8213e+02  3.8213e+02
  3.8213e+02  3.8213e+02  3.8213e+02  3.8213e+02  3.8213e+02  3.8213e+02
  3.8216e+02  3.8221e+02  3.8231e+02  3.8252e+02  3.8283e+02  3.8327e+02
  3.8381e+02  3.8443e+02  3.8510e+02  3.8577e+02  3.8644e+02  3.8717e+02
  3.8842e+02  3.8989e+02  3.9126e+02  3.9248e+02  3.9350e+02  3.9387e+02
  3.9407e+02  3.9437e+02  3.9478e+02  3.9578e+02  3.9643e+02  3.9687e+02
  3.9721e+02
# CO2 profile (VMR-PPMV) for lat -75.0 degrees, month 10:
  3.8223e+01  3.8753e+01  4.0340e+01  4.2975e+01  4.6641e+01  5.1315e+01
  5.6970e+01  6.3569e+01  7.1072e+01  7.9433e+01  8.8601e+01  9.8518e+01
  1.0912e+02  1.2035e+02  1.3214e+02  1.4440e+02  1.5707e+02  1.7007e+02
  1.8332e+02  1.9673e+02  2.1022e+02  2.2372e+02  2.3713e+02  2.5038e+02
  2.6338e+02  2.7605e+02  2.8831e+02  3.0009e+02  3.1132e+02  3.2193e+02
  3.3185e+02  3.4101e+02  3.4938e+02  3.5688e+02  3.6348e+02  3.6913e+02
  3.7381e+02  3.7747e+02  3.8011e+02  3.8170e+02  3.8223e+02  3.8223e+02
  3.8223e+02  3.8223e+02  3.8223e+02  3.8223e+02  3.8223e+02  3.8223e+02
  3.8223e+02  3.8223e+02  3.8223e+02  3.8223e+02  3.8223e+02  3.8223e+02
  3.8223e+02  3.8223e+02  3.8223e+02  3.8223e+02  3.8223e+02  3.8223e+02
  3.8223e+02  3.8223e+02  3.8223e+02  3.8223e+02  3.8223e+02  3.8223e+02
  3.8223e+02  3.8223e+02  3.8223e+02  3.8223e+02  3.8223e+02  3.8223e+02
  3.8223e+02  3.8223e+02  3.8223e+02  3.8223e+02  3.8223e+02  3.8223e+02
  3.8223e+02  3.8223e+02  3.8223e+02  3.8223e+02  3.8223e+02  3.8223e+02
  3.8223e+02  3.8223e+02  3.8223e+02  3.8223e+02  3.8223e+02  3.8223e+02
  3.8223e+02  3.8223e+02  3.8223e+02  3.8223e+02  3.8223e+02  3.8223e+02
  3.8225e+02  3.8225e+02  3.8226e+02  3.8228e+02  3.8229e+02  3.8230e+02
  3.8232e+02  3.8244e+02  3.8280e+02  3.8345e+02  3.8441e+02  3.8570e+02
  3.8703e+02  3.8809e+02  3.8885e+02  3.8929e+02  3.8940e+02  3.8937e+02
  3.8932e+02  3.8929e+02  3.8924e+02  3.8919e+02  3.8913e+02  3.8909e+02
  3.8906e+02
# CO2 profile (VMR-PPMV) for lat -45.0 degrees, month 10:
  3.8257e+01  3.8788e+01  4.0377e+01  4.3014e+01  4.6683e+01  5.1362e+01
  5.7022e+01  6.3627e+01  7.1137e+01  7.9506e+01  8.8681e+01  9.8608e+01
  1.0922e+02  1.2046e+02  1.3226e+02  1.4453e+02  1.5722e+02  1.7023e+02
  1.8348e+02  1.9691e+02  2.1042e+02  2.2392e+02  2.3735e+02  2.5061e+02
  2.6362e+02  2.7630e+02  2.8857e+02  3.0037e+02  3.1161e+02  3.2222e+02
  3.3215e+02  3.4133e+02  3.4969e+02  3.5720e+02  3.6381e+02  3.6947e+02
  3.7415e+02  3.7782e+02  3.8045e+02  3.8204e+02  3.8257e+02  3.8257e+02
  3.8257e+02  3.8257e+02  3.8257e+02  3.8257e+02  3.8257e+02  3.8257e+02
  3.8257e+02  3.8257e+02  3.8257e+02  3.8257e+02  3.8257e+02  3.8257e+02
  3.8257e+02  3.8257e+02  3.8257e+02  3.8257e+02  3.8257e+02  3.8257e+02
  3.8257e+02  3.8257e+02  3.8257e+02  3.8257e+02  3.8257e+02  3.8257e+02
  3.8257e+02  3.8257e+02  3.8257e+02  3.8257e+02  3.8257e+02  3.8257e+02
  3.8257e+02  3.8257e+02  3.8257e+02  3.8257e+02  3.8257e+02  3.8257e+02
  3.8257e+02  3.8257e+02  3.8257e+02  3.8257e+02  3.8257e+02  3.8257e+02
  3.8257e+02  3.8257e+02  3.8257e+02  3.8257e+02  3.8257e+02  3.8257e+02
  3.8257e+02  3.8257e+02  3.8257e+02  3.8257e+02  3.8257e+02  3.8257e+02
  3.8288e+02  3.8306e+02  3.8333e+02  3.8369e+02  3.8417e+02  3.8479e+02
  3.8556e+02  3.8639e+02  3.8722e+02  3.8801e+02  3.8878e+02  3.8934e+02
  3.8975e+02  3.9007e+02  3.9025e+02  3.9025e+02  3.9025e+02  3.9025e+02
  3.9025e+02  3.9021e+02  3.9010e+02  3.8992e+02  3.8969e+02  3.8946e+02
  3.8927e+02
# CO2 profile (VMR-PPMV) for lat -10. degrees, month 10:
  3.8529e+01  3.9064e+01  4.0664e+01  4.3320e+01  4.7015e+01  5.1727e+01
  5.7427e+01  6.4079e+01  7.1642e+01  8.0071e+01  8.9312e+01  9.9309e+01
  1.1000e+02  1.2132e+02  1.3320e+02  1.4556e+02  1.5833e+02  1.7144e+02
  1.8479e+02  1.9831e+02  2.1191e+02  2.2551e+02  2.3903e+02  2.5239e+02
  2.6549e+02  2.7826e+02  2.9062e+02  3.0250e+02  3.1382e+02  3.2451e+02
  3.3451e+02  3.4375e+02  3.5218e+02  3.5974e+02  3.6640e+02  3.7209e+02
  3.7681e+02  3.8050e+02  3.8316e+02  3.8476e+02  3.8529e+02  3.8529e+02
  3.8529e+02  3.8529e+02  3.8529e+02  3.8529e+02  3.8529e+02  3.8529e+02
  3.8529e+02  3.8529e+02  3.8529e+02  3.8529e+02  3.8529e+02  3.8529e+02
  3.8529e+02  3.8529e+02  3.8529e+02  3.8529e+02  3.8529e+02  3.8529e+02
  3.8529e+02  3.8529e+02  3.8529e+02  3.8529e+02  3.8529e+02  3.8529e+02
  3.8529e+02  3.8529e+02  3.8529e+02  3.8529e+02  3.8529e+02  3.8529e+02
  3.8529e+02  3.8529e+02  3.8529e+02  3.8529e+02  3.8529e+02  3.8529e+02
  3.8529e+02  3.8529e+02  3.8529e+02  3.8529e+02  3.8529e+02  3.8529e+02
  3.8529e+02  3.8529e+02  3.8529e+02  3.8529e+02  3.8529e+02  3.8529e+02
  3.8529e+02  3.8529e+02  3.8529e+02  3.8529e+02  3.8529e+02  3.8529e+02
  3.8611e+02  3.8635e+02  3.8669e+02  3.8712e+02  3.8761e+02  3.8822e+02
  3.8890e+02  3.8947e+02  3.8995e+02  3.9030e+02  3.9043e+02  3.9043e+02
  3.9043e+02  3.9043e+02  3.9043e+02  3.9043e+02  3.9043e+02  3.9043e+02
  3.9009e+02  3.8954e+02  3.8879e+02  3.8783e+02  3.8787e+02  3.8826e+02
  3.8885e+02
# CO2 profile (VMR-PPMV) for lat 10. degrees, month 10:
  3.8515e+01  3.9050e+01  4.0649e+01  4.3304e+01  4.6998e+01  5.1708e+01
  5.7406e+01  6.4056e+01  7.1616e+01  8.0042e+01  8.9279e+01  9.9273e+01
  1.0996e+02  1.2128e+02  1.3315e+02  1.4551e+02  1.5828e+02  1.7137e+02
  1.8472e+02  1.9824e+02  2.1183e+02  2.2543e+02  2.3895e+02  2.5229e+02
  2.6539e+02  2.7816e+02  2.9052e+02  3.0239e+02  3.1371e+02  3.2440e+02
  3.3439e+02  3.4363e+02  3.5205e+02  3.5961e+02  3.6626e+02  3.7196e+02
  3.7667e+02  3.8036e+02  3.8302e+02  3.8462e+02  3.8515e+02  3.8515e+02
  3.8515e+02  3.8515e+02  3.8515e+02  3.8515e+02  3.8515e+02  3.8515e+02
  3.8515e+02  3.8515e+02  3.8515e+02  3.8515e+02  3.8515e+02  3.8515e+02
  3.8515e+02  3.8515e+02  3.8515e+02  3.8515e+02  3.8515e+02  3.8515e+02
  3.8515e+02  3.8515e+02  3.8515e+02  3.8515e+02  3.8515e+02  3.8515e+02
  3.8515e+02  3.8515e+02  3.8515e+02  3.8515e+02  3.8515e+02  3.8515e+02
  3.8515e+02  3.8515e+02  3.8515e+02  3.8515e+02  3.8515e+02  3.8515e+02
  3.8515e+02  3.8515e+02  3.8515e+02  3.8515e+02  3.8515e+02  3.8515e+02
  3.8515e+02  3.8515e+02  3.8515e+02  3.8515e+02  3.8515e+02  3.8515e+02
  3.8515e+02  3.8515e+02  3.8515e+02  3.8515e+02  3.8515e+02  3.8515e+02
  3.8609e+02  3.8636e+02  3.8673e+02  3.8722e+02  3.8772e+02  3.8834e+02
  3.8911e+02  3.8978e+02  3.9033e+02  3.9076e+02  3.9098e+02  3.9098e+02
  3.9098e+02  3.9098e+02  3.9098e+02  3.9098e+02  3.9098e+02  3.9098e+02
  3.9107e+02  3.9117e+02  3.9136e+02  3.9163e+02  3.9197e+02  3.9223e+02
  3.9248e+02
# CO2 profile (VMR-PPMV) for lat 45 degrees, month 10:
  3.8220e+01  3.8750e+01  4.0338e+01  4.2972e+01  4.6638e+01  5.1312e+01
  5.6966e+01  6.3565e+01  7.1067e+01  7.9428e+01  8.8595e+01  9.8512e+01
  1.0912e+02  1.2035e+02  1.3213e+02  1.4439e+02  1.5706e+02  1.7006e+02
  1.8331e+02  1.9672e+02  2.1021e+02  2.2370e+02  2.3712e+02  2.5036e+02
  2.6336e+02  2.7603e+02  2.8829e+02  3.0008e+02  3.1130e+02  3.2191e+02
  3.3183e+02  3.4099e+02  3.4935e+02  3.5686e+02  3.6345e+02  3.6911e+02
  3.7378e+02  3.7745e+02  3.8008e+02  3.8167e+02  3.8220e+02  3.8220e+02
  3.8220e+02  3.8220e+02  3.8220e+02  3.8220e+02  3.8220e+02  3.8220e+02
  3.8220e+02  3.8220e+02  3.8220e+02  3.8220e+02  3.8220e+02  3.8220e+02
  3.8220e+02  3.8220e+02  3.8220e+02  3.8220e+02  3.8220e+02  3.8220e+02
  3.8220e+02  3.8220e+02  3.8220e+02  3.8220e+02  3.8220e+02  3.8220e+02
  3.8220e+02  3.8220e+02  3.8220e+02  3.8220e+02  3.8220e+02  3.8220e+02
  3.8220e+02  3.8220e+02  3.8220e+02  3.8220e+02  3.8220e+02  3.8220e+02
  3.8220e+02  3.8220e+02  3.8220e+02  3.8220e+02  3.8220e+02  3.8220e+02
  3.8220e+02  3.8220e+02  3.8220e+02  3.8220e+02  3.8220e+02  3.8220e+02
  3.8220e+02  3.8220e+02  3.8220e+02  3.8220e+02  3.8220e+02  3.8220e+02
  3.8256e+02  3.8278e+02  3.8312e+02  3.8364e+02  3.8437e+02  3.8535e+02
  3.8635e+02  3.8731e+02  3.8805e+02  3.8879e+02  3.8955e+02  3.9015e+02
  3.9068e+02  3.9123e+02  3.9154e+02  3.9154e+02  3.9154e+02  3.9154e+02
  3.9184e+02  3.9231e+02  3.9290e+02  3.9412e+02  3.9548e+02  3.9654e+02
  3.9744e+02
# CO2 profile (VMR-PPMV) for lat 75 degrees, month 10:
  3.8213e+01  3.8743e+01  4.0330e+01  4.2964e+01  4.6629e+01  5.1302e+01
  5.6955e+01  6.3553e+01  7.1054e+01  7.9413e+01  8.8578e+01  9.8493e+01
  1.0910e+02  1.2032e+02  1.3210e+02  1.4437e+02  1.5703e+02  1.7003e+02
  1.8327e+02  1.9668e+02  2.1017e+02  2.2366e+02  2.3707e+02  2.5031e+02
  2.6331e+02  2.7598e+02  2.8824e+02  3.0002e+02  3.1125e+02  3.2185e+02
  3.3176e+02  3.4093e+02  3.4929e+02  3.5679e+02  3.6339e+02  3.6904e+02
  3.7371e+02  3.7738e+02  3.8001e+02  3.8160e+02  3.8213e+02  3.8213e+02
  3.8213e+02  3.8213e+02  3.8213e+02  3.8213e+02  3.8213e+02  3.8213e+02
  3.8213e+02  3.8213e+02  3.8213e+02  3.8213e+02  3.8213e+02  3.8213e+02
  3.8213e+02  3.8213e+02  3.8213e+02  3.8213e+02  3.8213e+02  3.8213e+02
  3.8213e+02  3.8213e+02  3.8213e+02  3.8213e+02  3.8213e+02  3.8213e+02
  3.8213e+02  3.8213e+02  3.8213e+02  3.8213e+02  3.8213e+02  3.8213e+02
  3.8213e+02  3.8213e+02  3.8213e+02  3.8213e+02  3.8213e+02  3.8213e+02
  3.8213e+02  3.8213e+02  3.8213e+02  3.8213e+02  3.8213e+02  3.8213e+02
  3.8213e+02  3.8213e+02  3.8213e+02  3.8213e+02  3.8213e+02  3.8213e+02
  3.8213e+02  3.8213e+02  3.8213e+02  3.8213e+02  3.8213e+02  3.8213e+02
  3.8216e+02  3.8221e+02  3.8231e+02  3.8252e+02  3.8283e+02  3.8327e+02
  3.8381e+02  3.8443e+02  3.8510e+02  3.8577e+02  3.8644e+02  3.8717e+02
  3.8842e+02  3.8989e+02  3.9126e+02  3.9248e+02  3.9350e+02  3.9387e+02
  3.9407e+02  3.9437e+02  3.9478e+02  3.9578e+02  3.9643e+02  3.9687e+02
  3.9721e+02
# Last line of file.
