21-JAN-2014 12:02:30.000000
# V5 INTERIM FILE generated by J.J. Remedios and H. Sembhi
# HITRAN code of the gas:
  3
# DN:
1 1 1 1 1 1
# O3 profile (VMR-PPMV) for lat -75.0 degrees, month 10:
  5.0000e-04  8.5067e-04  1.3473e-03  2.1333e-03  3.3800e-03  5.3567e-03
  8.5067e-03  1.3473e-02  2.0867e-02  3.1867e-02  4.6233e-02  6.5233e-02
  8.9367e-02  1.2137e-01  1.6933e-01  2.4200e-01  3.6400e-01  5.6033e-01
  8.3167e-01  1.1900e+00  1.4833e+00  1.7033e+00  1.7300e+00  1.6833e+00
  1.5633e+00  1.4533e+00  1.3500e+00  1.2533e+00  1.1533e+00  1.0560e+00
  9.4733e-01  8.3967e-01  7.2667e-01  6.2467e-01  5.3833e-01  4.7033e-01
  4.2200e-01  3.8367e-01  3.5367e-01  3.3366e-01  3.2299e-01  3.2099e-01
  3.1903e-01  3.1710e-01  3.1520e-01  3.1332e-01  3.1147e-01  3.0964e-01
  3.1533e-01  3.2954e-01  3.5223e-01  3.7583e-01  4.0020e-01  4.3330e-01
  4.7504e-01  5.2441e-01  5.7334e-01  6.3088e-01  7.0377e-01  7.9195e-01
  8.8592e-01  9.7938e-01  1.0724e+00  1.1654e+00  1.2578e+00  1.3598e+00
  1.4811e+00  1.6215e+00  1.7706e+00  1.9339e+00  2.1297e+00  2.3581e+00
  2.6035e+00  2.8521e+00  3.1080e+00  3.3717e+00  3.6438e+00  3.9283e+00
  4.2254e+00  4.5246e+00  4.7966e+00  5.0416e+00  5.2624e+00  5.4670e+00
  5.6568e+00  5.8283e+00  5.9667e+00  6.0704e+00  6.1282e+00  6.0166e+00
  5.7425e+00  5.4890e+00  5.3908e+00  5.2471e+00  4.9017e+00  4.4029e+00
  3.8966e+00  3.2934e+00  2.5228e+00  1.6546e+00  9.4376e-01  4.9914e-01
  3.2224e-01  2.5570e-01  2.4470e-01  2.6805e-01  2.9825e-01  3.1499e-01
  2.9826e-01  2.5772e-01  1.9951e-01  1.4815e-01  1.0635e-01  7.6488e-02
  5.3715e-02  3.6214e-02  2.5378e-02  1.8623e-02  1.5439e-02  1.2265e-02
  1.0000e-02
# O3 profile (VMR-PPMV) for lat -45.0 degrees, month 10:
  3.6650e-04  5.8990e-04  9.0573e-04  1.4126e-03  2.2693e-03  3.6737e-03
  5.8107e-03  9.0763e-03  1.4271e-02  2.3103e-02  3.6693e-02  5.2897e-02
  7.1773e-02  9.4410e-02  1.2514e-01  1.6647e-01  2.2200e-01  2.9687e-01
  3.9753e-01  5.3197e-01  6.7067e-01  7.6737e-01  8.0773e-01  8.1290e-01
  8.1813e-01  8.2337e-01  8.2863e-01  8.3390e-01  8.3917e-01  8.4440e-01
  8.0840e-01  7.3323e-01  6.2537e-01  5.3127e-01  4.5250e-01  3.8950e-01
  3.3950e-01  3.0050e-01  2.6687e-01  2.4707e-01  2.3950e-01  2.4288e-01
  2.4621e-01  2.4951e-01  2.5277e-01  2.5599e-01  2.6209e-01  2.7660e-01
  2.9944e-01  3.2761e-01  3.5557e-01  3.8717e-01  4.2568e-01  4.7108e-01
  5.1939e-01  5.6738e-01  6.2676e-01  6.9944e-01  7.8509e-01  8.7194e-01
  9.7172e-01  1.0866e+00  1.2164e+00  1.3472e+00  1.4858e+00  1.6316e+00
  1.7850e+00  1.9394e+00  2.1293e+00  2.3533e+00  2.6096e+00  2.8658e+00
  3.1530e+00  3.4713e+00  3.8193e+00  4.2124e+00  4.6556e+00  5.1512e+00
  5.6541e+00  6.1625e+00  6.6753e+00  7.1632e+00  7.6147e+00  8.0297e+00
  8.3180e+00  8.4729e+00  8.4933e+00  8.3412e+00  8.0221e+00  7.6933e+00
  7.5185e+00  7.2927e+00  6.8506e+00  6.2759e+00  5.7836e+00  5.3482e+00
  4.8774e+00  4.3242e+00  3.7174e+00  3.0596e+00  2.3919e+00  1.7666e+00
  1.2313e+00  8.5944e-01  6.2249e-01  4.8743e-01  3.9192e-01  3.1903e-01
  2.6110e-01  2.1246e-01  1.7105e-01  1.3203e-01  9.9138e-02  7.4732e-02
  5.6538e-02  4.1008e-02  2.9910e-02  2.2916e-02  2.0902e-02  2.0616e-02
  2.2180e-02
# O3 profile (VMR-PPMV) for lat -10. degrees, month 10:
  4.1520e-04  6.8060e-04  1.0612e-03  1.6940e-03  2.7587e-03  4.4337e-03
  7.1433e-03  1.1521e-02  1.9140e-02  3.2353e-02  4.8900e-02  6.9030e-02
  9.2797e-02  1.2531e-01  1.6933e-01  2.2780e-01  3.0560e-01  4.0940e-01
  5.4833e-01  6.8343e-01  7.7510e-01  8.0827e-01  8.1333e-01  8.1840e-01
  8.2347e-01  8.2850e-01  8.3350e-01  8.3847e-01  8.4343e-01  8.1870e-01
  7.5463e-01  6.5693e-01  5.6093e-01  4.7987e-01  4.1320e-01  3.5983e-01
  3.1777e-01  2.8303e-01  2.5223e-01  2.3380e-01  2.2651e-01  2.2922e-01
  2.3194e-01  2.3465e-01  2.3736e-01  2.4669e-01  2.6284e-01  2.8576e-01
  3.0879e-01  3.3491e-01  3.6782e-01  4.0750e-01  4.5051e-01  4.9367e-01
  5.5307e-01  6.2837e-01  7.1882e-01  8.1098e-01  9.1813e-01  1.0397e+00
  1.1728e+00  1.3041e+00  1.4344e+00  1.5638e+00  1.6921e+00  1.8313e+00
  1.9914e+00  2.1728e+00  2.3631e+00  2.5708e+00  2.8100e+00  3.0813e+00
  3.3855e+00  3.7250e+00  4.1011e+00  4.5180e+00  4.9854e+00  5.5027e+00
  6.0674e+00  6.6740e+00  7.3252e+00  7.9670e+00  8.5489e+00  9.0684e+00
  9.4424e+00  9.5843e+00  9.6148e+00  9.7867e+00  1.0048e+01  1.0037e+01
  9.6099e+00  8.9291e+00  8.1638e+00  7.2409e+00  6.1623e+00  5.0125e+00
  3.8994e+00  2.8862e+00  2.0257e+00  1.3526e+00  8.7988e-01  5.7093e-01
  3.7422e-01  2.4568e-01  1.6236e-01  1.1521e-01  8.4055e-02  6.7457e-02
  6.1419e-02  5.8896e-02  5.6619e-02  5.3716e-02  5.0908e-02  4.8161e-02
  4.5487e-02  4.2867e-02  3.9589e-02  3.5203e-02  2.9770e-02  2.4060e-02
  1.8500e-02
# O3 profile (VMR-PPMV) for lat 10. degrees, month 10:
  4.1520e-04  6.8060e-04  1.0612e-03  1.6940e-03  2.7587e-03  4.4337e-03
  7.1433e-03  1.1521e-02  1.9140e-02  3.2353e-02  4.8900e-02  6.9030e-02
  9.2797e-02  1.2531e-01  1.6933e-01  2.2780e-01  3.0560e-01  4.0940e-01
  5.4833e-01  6.8343e-01  7.7510e-01  8.0827e-01  8.1333e-01  8.1840e-01
  8.2347e-01  8.2850e-01  8.3350e-01  8.3847e-01  8.4343e-01  8.1870e-01
  7.5463e-01  6.5693e-01  5.6093e-01  4.7987e-01  4.1320e-01  3.5983e-01
  3.1777e-01  2.8303e-01  2.5223e-01  2.3248e-01  2.2253e-01  2.2125e-01
  2.1997e-01  2.1868e-01  2.1739e-01  2.2359e-01  2.3813e-01  2.6094e-01
  2.8453e-01  3.1139e-01  3.4637e-01  3.8937e-01  4.3683e-01  4.8422e-01
  5.4649e-01  6.2334e-01  7.1431e-01  8.0728e-01  9.1509e-01  1.0370e+00
  1.1698e+00  1.3018e+00  1.4348e+00  1.5687e+00  1.7023e+00  1.8468e+00
  2.0116e+00  2.1972e+00  2.3909e+00  2.6056e+00  2.8549e+00  3.1393e+00
  3.4555e+00  3.8014e+00  4.1776e+00  4.5917e+00  5.0501e+00  5.5526e+00
  6.1041e+00  6.7021e+00  7.3493e+00  7.9597e+00  8.5032e+00  8.9773e+00
  9.2956e+00  9.4311e+00  9.5334e+00  9.8020e+00  1.0037e+01  9.9693e+00
  9.5516e+00  9.0307e+00  8.3468e+00  7.4087e+00  6.2181e+00  4.9758e+00
  3.7930e+00  2.7418e+00  1.8936e+00  1.2764e+00  8.5877e-01  5.8959e-01
  4.1431e-01  2.9447e-01  1.9973e-01  1.3131e-01  8.7601e-02  6.3494e-02
  5.2776e-02  4.8944e-02  4.6423e-02  4.4289e-02  4.2227e-02  4.0213e-02
  3.8251e-02  3.6327e-02  3.4189e-02  3.1577e-02  2.8114e-02  2.3674e-02
  1.8500e-02
# O3 profile (VMR-PPMV) for lat 45 degrees, month 10:
  3.6650e-04  5.8990e-04  9.0573e-04  1.4126e-03  2.2693e-03  3.6737e-03
  5.8107e-03  9.0763e-03  1.4271e-02  2.3103e-02  3.6693e-02  5.2897e-02
  7.1773e-02  9.4410e-02  1.2514e-01  1.6647e-01  2.2200e-01  2.9687e-01
  3.9753e-01  5.3197e-01  6.7067e-01  7.6737e-01  8.0773e-01  8.1290e-01
  8.1813e-01  8.2337e-01  8.2863e-01  8.3390e-01  8.3917e-01  8.4440e-01
  8.0840e-01  7.3323e-01  6.2537e-01  5.3127e-01  4.5250e-01  3.8950e-01
  3.3950e-01  3.0050e-01  2.6687e-01  2.3713e-01  2.1790e-01  2.0789e-01
  2.0608e-01  2.0427e-01  2.0247e-01  2.0067e-01  1.9888e-01  1.9710e-01
  2.0495e-01  2.2441e-01  2.5541e-01  2.8828e-01  3.2469e-01  3.7235e-01
  4.3115e-01  4.9722e-01  5.6279e-01  6.3844e-01  7.2545e-01  8.2377e-01
  9.2333e-01  1.0400e+00  1.1730e+00  1.3217e+00  1.4727e+00  1.6389e+00
  1.8196e+00  2.0111e+00  2.2161e+00  2.4659e+00  2.7606e+00  3.0848e+00
  3.4212e+00  3.7916e+00  4.1973e+00  4.6352e+00  5.1007e+00  5.5956e+00
  6.0968e+00  6.5586e+00  6.9783e+00  7.3468e+00  7.6490e+00  7.8861e+00
  8.0357e+00  8.0773e+00  8.0088e+00  7.8471e+00  7.6122e+00  7.3520e+00
  7.1703e+00  7.0364e+00  6.7822e+00  6.3428e+00  5.8107e+00  5.2756e+00
  4.6817e+00  4.0065e+00  3.2731e+00  2.5728e+00  1.9407e+00  1.4143e+00
  1.0022e+00  6.9588e-01  4.8518e-01  3.4179e-01  2.5004e-01  1.9959e-01
  1.6207e-01  1.3313e-01  1.0782e-01  9.0762e-02  8.0565e-02  7.1962e-02
  6.2006e-02  5.0751e-02  4.2594e-02  3.6870e-02  3.3138e-02  2.8087e-02
  2.2180e-02
# O3 profile (VMR-PPMV) for lat 75 degrees, month 10:
  5.0000e-04  8.5067e-04  1.3473e-03  2.1333e-03  3.3800e-03  5.3567e-03
  8.5067e-03  1.3473e-02  2.0867e-02  3.1867e-02  4.6233e-02  6.5233e-02
  8.9367e-02  1.2137e-01  1.6933e-01  2.4200e-01  3.6400e-01  5.6033e-01
  8.2833e-01  1.1833e+00  1.4700e+00  1.6800e+00  1.6933e+00  1.6333e+00
  1.5000e+00  1.3767e+00  1.2633e+00  1.1633e+00  1.0627e+00  9.6300e-01
  8.5333e-01  7.4633e-01  6.3800e-01  5.4167e-01  4.5800e-01  3.8967e-01
  3.3500e-01  2.9000e-01  2.5233e-01  2.1967e-01  1.9933e-01  1.8908e-01
  1.8724e-01  1.8449e-01  1.8174e-01  1.7899e-01  1.7625e-01  1.7351e-01
  1.7079e-01  1.6807e-01  1.6537e-01  1.6878e-01  1.8453e-01  2.1256e-01
  2.4662e-01  2.8046e-01  3.2355e-01  3.7585e-01  4.3732e-01  4.9824e-01
  5.6564e-01  6.4568e-01  7.3857e-01  8.3720e-01  9.5525e-01  1.1023e+00
  1.2785e+00  1.4638e+00  1.6644e+00  1.8820e+00  2.1171e+00  2.3571e+00
  2.6307e+00  2.9378e+00  3.2771e+00  3.6157e+00  3.9482e+00  4.2741e+00
  4.5758e+00  4.8330e+00  5.0451e+00  5.1826e+00  5.2427e+00  5.2242e+00
  5.1825e+00  5.1466e+00  5.1075e+00  5.0132e+00  4.8632e+00  4.6566e+00
  4.4144e+00  4.1662e+00  4.0294e+00  4.0027e+00  3.9428e+00  3.7608e+00
  3.5386e+00  3.3820e+00  3.2415e+00  3.0425e+00  2.7246e+00  2.3491e+00
  1.9527e+00  1.6099e+00  1.2905e+00  9.8412e-01  7.3484e-01  5.5671e-01
  4.5477e-01  3.7686e-01  3.0840e-01  2.3699e-01  1.7310e-01  1.2266e-01
  9.4025e-02  6.6366e-02  4.8316e-02  3.1359e-02  2.7395e-02  2.2126e-02
  1.6300e-02
# O3 profile (VMR-PPMV) for lat -75.0 degrees, month 10:
  5.0000e-04  8.5067e-04  1.3473e-03  2.1333e-03  3.3800e-03  5.3567e-03
  8.5067e-03  1.3473e-02  2.0867e-02  3.1867e-02  4.6233e-02  6.5233e-02
  8.9367e-02  1.2137e-01  1.6933e-01  2.4200e-01  3.6400e-01  5.6033e-01
  8.3167e-01  1.1900e+00  1.4833e+00  1.7033e+00  1.7300e+00  1.6833e+00
  1.5633e+00  1.4533e+00  1.3500e+00  1.2533e+00  1.1533e+00  1.0560e+00
  9.4733e-01  8.3967e-01  7.2667e-01  6.2467e-01  5.3833e-01  4.7033e-01
  4.2200e-01  3.8367e-01  3.5367e-01  4.4745e-01  6.6235e-01  9.9594e-01
  1.3246e+00  1.6483e+00  1.9670e+00  2.2690e+00  2.3931e+00  2.3420e+00
  2.1296e+00  1.9195e+00  1.7304e+00  1.5876e+00  1.4907e+00  1.4204e+00
  1.3506e+00  1.3009e+00  1.2746e+00  1.2713e+00  1.2715e+00  1.2809e+00
  1.3002e+00  1.3292e+00  1.3599e+00  1.4153e+00  1.4951e+00  1.5978e+00
  1.7029e+00  1.8333e+00  1.9888e+00  2.1660e+00  2.3419e+00  2.5367e+00
  2.7509e+00  2.9847e+00  3.2677e+00  3.6056e+00  3.9986e+00  4.3605e+00
  4.6837e+00  4.9683e+00  5.2139e+00  5.4211e+00  5.5907e+00  5.7330e+00
  5.8399e+00  5.9107e+00  5.9207e+00  5.8134e+00  5.5914e+00  5.3385e+00
  5.1185e+00  4.8880e+00  4.6130e+00  4.2124e+00  3.7220e+00  3.1621e+00
  2.6164e+00  2.1736e+00  1.8280e+00  1.5884e+00  1.3725e+00  1.1681e+00
  9.7244e-01  7.9724e-01  6.6451e-01  5.6917e-01  4.9942e-01  4.2644e-01
  3.4841e-01  2.6817e-01  1.9857e-01  1.4385e-01  1.0471e-01  7.6014e-02
  5.4990e-02  3.7227e-02  2.5970e-02  1.8623e-02  1.5439e-02  1.2265e-02
  1.0000e-02
# O3 profile (VMR-PPMV) for lat -45.0 degrees, month 10:
  3.6650e-04  5.8990e-04  9.0573e-04  1.4126e-03  2.2693e-03  3.6737e-03
  5.8107e-03  9.0763e-03  1.4271e-02  2.3103e-02  3.6693e-02  5.2897e-02
  7.1773e-02  9.4410e-02  1.2514e-01  1.6647e-01  2.2200e-01  2.9687e-01
  3.9753e-01  5.3197e-01  6.7067e-01  7.6737e-01  8.0773e-01  8.1290e-01
  8.1813e-01  8.2337e-01  8.2863e-01  8.3390e-01  8.3917e-01  8.4440e-01
  8.0840e-01  7.3323e-01  6.2537e-01  5.3127e-01  4.5250e-01  3.8950e-01
  3.3950e-01  3.0050e-01  2.6687e-01  3.0647e-01  4.1691e-01  5.9615e-01
  7.7340e-01  9.4877e-01  1.1219e+00  1.2928e+00  1.4406e+00  1.5257e+00
  1.5487e+00  1.5312e+00  1.5139e+00  1.4932e+00  1.4659e+00  1.4321e+00
  1.3953e+00  1.3588e+00  1.3313e+00  1.3143e+00  1.3080e+00  1.3036e+00
  1.3228e+00  1.3700e+00  1.4451e+00  1.5263e+00  1.6313e+00  1.7592e+00
  1.9082e+00  2.0618e+00  2.2409e+00  2.4444e+00  2.6667e+00  2.8919e+00
  3.1436e+00  3.4218e+00  3.7223e+00  4.0996e+00  4.5612e+00  5.1095e+00
  5.6451e+00  6.1556e+00  6.6396e+00  7.0903e+00  7.4999e+00  7.8684e+00
  8.1523e+00  8.3403e+00  8.4317e+00  8.3502e+00  8.0965e+00  7.8410e+00
  7.7243e+00  7.5334e+00  7.1048e+00  6.5248e+00  6.0266e+00  5.5610e+00
  5.0462e+00  4.4462e+00  3.8047e+00  3.1287e+00  2.4484e+00  1.8111e+00
  1.2545e+00  8.6861e-01  6.1783e-01  4.7936e-01  3.7845e-01  3.0422e-01
  2.4590e-01  1.9767e-01  1.5659e-01  1.2016e-01  9.0681e-02  6.9989e-02
  5.3752e-02  3.9627e-02  2.9451e-02  2.2916e-02  2.0902e-02  2.0616e-02
  2.2180e-02
# O3 profile (VMR-PPMV) for lat -10. degrees, month 10:
  4.1520e-04  6.8060e-04  1.0612e-03  1.6940e-03  2.7587e-03  4.4337e-03
  7.1433e-03  1.1521e-02  1.9140e-02  3.2353e-02  4.8900e-02  6.9030e-02
  9.2797e-02  1.2531e-01  1.6933e-01  2.2780e-01  3.0560e-01  4.0940e-01
  5.4833e-01  6.8343e-01  7.7510e-01  8.0827e-01  8.1333e-01  8.1840e-01
  8.2347e-01  8.2850e-01  8.3350e-01  8.3847e-01  8.4343e-01  8.1870e-01
  7.5463e-01  6.5693e-01  5.6093e-01  4.7987e-01  4.1320e-01  3.5983e-01
  3.1777e-01  2.8303e-01  2.5223e-01  3.0788e-01  4.4874e-01  6.7371e-01
  8.9868e-01  1.1237e+00  1.3129e+00  1.4358e+00  1.4923e+00  1.5182e+00
  1.5440e+00  1.5452e+00  1.5201e+00  1.4689e+00  1.4164e+00  1.3677e+00
  1.3276e+00  1.2961e+00  1.2699e+00  1.2554e+00  1.2638e+00  1.2948e+00
  1.3369e+00  1.4066e+00  1.5107e+00  1.6488e+00  1.7928e+00  1.9432e+00
  2.0997e+00  2.2622e+00  2.4263e+00  2.6239e+00  2.8549e+00  3.1165e+00
  3.4185e+00  3.7610e+00  4.1449e+00  4.5496e+00  4.9790e+00  5.4325e+00
  5.9357e+00  6.4987e+00  7.1241e+00  7.7173e+00  8.2439e+00  8.7015e+00
  9.0606e+00  9.3057e+00  9.5815e+00  9.9994e+00  1.0248e+01  1.0142e+01
  9.6823e+00  9.2164e+00  8.5287e+00  7.5725e+00  6.3299e+00  5.1052e+00
  3.9458e+00  2.9035e+00  2.0286e+00  1.3468e+00  8.7859e-01  5.8079e-01
  3.9814e-01  2.8195e-01  1.9226e-01  1.2968e-01  9.1116e-02  7.0020e-02
  6.0755e-02  5.8951e-02  5.6413e-02  5.3546e-02  5.0774e-02  4.8061e-02
  4.5421e-02  4.2834e-02  3.9578e-02  3.5203e-02  2.9770e-02  2.4060e-02
  1.8500e-02
# O3 profile (VMR-PPMV) for lat 10. degrees, month 10:
  4.1520e-04  6.8060e-04  1.0612e-03  1.6940e-03  2.7587e-03  4.4337e-03
  7.1433e-03  1.1521e-02  1.9140e-02  3.2353e-02  4.8900e-02  6.9030e-02
  9.2797e-02  1.2531e-01  1.6933e-01  2.2780e-01  3.0560e-01  4.0940e-01
  5.4833e-01  6.8343e-01  7.7510e-01  8.0827e-01  8.1333e-01  8.1840e-01
  8.2347e-01  8.2850e-01  8.3350e-01  8.3847e-01  8.4343e-01  8.1870e-01
  7.5463e-01  6.5693e-01  5.6093e-01  4.7987e-01  4.1320e-01  3.5983e-01
  3.1777e-01  2.8303e-01  2.5223e-01  3.0860e-01  4.5093e-01  6.7853e-01
  9.0683e-01  1.1361e+00  1.3497e+00  1.4867e+00  1.5469e+00  1.5463e+00
  1.5457e+00  1.5360e+00  1.5108e+00  1.4701e+00  1.4234e+00  1.3779e+00
  1.3428e+00  1.3179e+00  1.3022e+00  1.2915e+00  1.3028e+00  1.3355e+00
  1.3848e+00  1.4482e+00  1.5403e+00  1.6609e+00  1.7946e+00  1.9383e+00
  2.0966e+00  2.2698e+00  2.4464e+00  2.6493e+00  2.8880e+00  3.1629e+00
  3.4783e+00  3.8419e+00  4.2544e+00  4.6837e+00  5.1135e+00  5.5436e+00
  5.9933e+00  6.4882e+00  7.0305e+00  7.5883e+00  8.1030e+00  8.5725e+00
  8.9697e+00  9.2242e+00  9.4193e+00  9.7144e+00  1.0035e+01  1.0116e+01
  9.8172e+00  9.2915e+00  8.5922e+00  7.6470e+00  6.4724e+00  5.2109e+00
  3.9891e+00  2.8940e+00  1.9911e+00  1.3195e+00  8.6123e-01  5.7178e-01
  3.8844e-01  2.6308e-01  1.7175e-01  1.1254e-01  7.9163e-02  6.2665e-02
  5.6236e-02  5.2789e-02  4.9848e-02  4.7104e-02  4.4453e-02  4.1864e-02
  3.9342e-02  3.6869e-02  3.4368e-02  3.1577e-02  2.8114e-02  2.3674e-02
  1.8500e-02
# O3 profile (VMR-PPMV) for lat 45 degrees, month 10:
  3.6650e-04  5.8990e-04  9.0573e-04  1.4126e-03  2.2693e-03  3.6737e-03
  5.8107e-03  9.0763e-03  1.4271e-02  2.3103e-02  3.6693e-02  5.2897e-02
  7.1773e-02  9.4410e-02  1.2514e-01  1.6647e-01  2.2200e-01  2.9687e-01
  3.9753e-01  5.3197e-01  6.7067e-01  7.6737e-01  8.0773e-01  8.1290e-01
  8.1813e-01  8.2337e-01  8.2863e-01  8.3390e-01  8.3917e-01  8.4440e-01
  8.0840e-01  7.3323e-01  6.2537e-01  5.3127e-01  4.5250e-01  3.8950e-01
  3.3950e-01  3.0050e-01  2.6687e-01  2.3713e-01  2.6057e-01  3.3580e-01
  4.6178e-01  5.8756e-01  7.1308e-01  8.3813e-01  9.6271e-01  1.0853e+00
  1.1703e+00  1.2178e+00  1.2295e+00  1.2411e+00  1.2517e+00  1.2599e+00
  1.2659e+00  1.2705e+00  1.2752e+00  1.2841e+00  1.2974e+00  1.3151e+00
  1.3341e+00  1.3770e+00  1.4431e+00  1.5312e+00  1.6271e+00  1.7549e+00
  1.9137e+00  2.0947e+00  2.2876e+00  2.5142e+00  2.7747e+00  3.0556e+00
  3.3503e+00  3.6867e+00  4.0660e+00  4.4867e+00  4.9666e+00  5.5083e+00
  6.0904e+00  6.5779e+00  6.9674e+00  7.2665e+00  7.5049e+00  7.6833e+00
  7.8003e+00  7.8621e+00  7.8675e+00  7.8070e+00  7.6092e+00  7.3030e+00
  7.0495e+00  6.9354e+00  6.7722e+00  6.4054e+00  5.8618e+00  5.2879e+00
  4.6602e+00  3.9851e+00  3.2661e+00  2.5735e+00  1.9468e+00  1.4293e+00
  1.0266e+00  7.2838e-01  5.1911e-01  3.7718e-01  2.8338e-01  2.2660e-01
  1.8105e-01  1.4358e-01  1.1048e-01  8.6629e-02  7.2351e-02  6.3541e-02
  5.5832e-02  4.7694e-02  4.1576e-02  3.6870e-02  3.3138e-02  2.8087e-02
  2.2180e-02
# O3 profile (VMR-PPMV) for lat 75 degrees, month 10:
  5.0000e-04  8.5067e-04  1.3473e-03  2.1333e-03  3.3800e-03  5.3567e-03
  8.5067e-03  1.3473e-02  2.0867e-02  3.1867e-02  4.6233e-02  6.5233e-02
  8.9367e-02  1.2137e-01  1.6933e-01  2.4200e-01  3.6400e-01  5.6033e-01
  8.2833e-01  1.1833e+00  1.4700e+00  1.6800e+00  1.6933e+00  1.6333e+00
  1.5000e+00  1.3767e+00  1.2633e+00  1.1633e+00  1.0627e+00  9.6300e-01
  8.5333e-01  7.4633e-01  6.3800e-01  5.4167e-01  4.5800e-01  3.8967e-01
  3.3500e-01  2.9000e-01  2.5233e-01  2.1967e-01  1.9933e-01  2.3544e-01
  3.2588e-01  4.6149e-01  5.9695e-01  7.3244e-01  8.6773e-01  1.0025e+00
  1.1368e+00  1.2706e+00  1.3609e+00  1.3847e+00  1.3423e+00  1.2772e+00
  1.2162e+00  1.1697e+00  1.1374e+00  1.1157e+00  1.0941e+00  1.0798e+00
  1.0744e+00  1.0777e+00  1.0828e+00  1.1238e+00  1.2007e+00  1.3135e+00
  1.4362e+00  1.5878e+00  1.7679e+00  1.9663e+00  2.1916e+00  2.4702e+00
  2.8030e+00  3.1625e+00  3.5146e+00  3.8513e+00  4.1749e+00  4.4902e+00
  4.8026e+00  5.1114e+00  5.3562e+00  5.4695e+00  5.4493e+00  5.3503e+00
  5.2327e+00  5.0967e+00  4.9425e+00  4.7736e+00  4.5903e+00  4.3778e+00
  4.1279e+00  3.9186e+00  3.8268e+00  3.8185e+00  3.7738e+00  3.6598e+00
  3.5400e+00  3.4539e+00  3.3783e+00  3.2233e+00  2.9264e+00  2.5208e+00
  2.1006e+00  1.7607e+00  1.4439e+00  1.1391e+00  8.5089e-01  6.2974e-01
  4.7863e-01  3.7387e-01  2.9253e-01  2.2424e-01  1.6351e-01  1.1600e-01
  8.6044e-02  6.1009e-02  4.5062e-02  3.1359e-02  2.7395e-02  2.2126e-02
  1.6300e-02
# Last line of file.
