27-AUG-2015 09:34:06.000000
# V5.1 FILE generated by J.J. Remedios and D. Moore
# HITRAN code of the gas:
 60
# DN:
0 0 0 0 0 0
# CCl4 profile (VMR-PPMV) for lat -75.0 degrees, month 01:
  1.4938e-08  1.4938e-08  1.4938e-08  1.4938e-08  1.4938e-08  1.4938e-08
  1.4938e-08  1.4938e-08  1.4938e-08  1.4938e-08  1.4938e-08  1.4938e-08
  1.4938e-08  1.4938e-08  1.4938e-08  1.4938e-08  1.4938e-08  1.4938e-08
  1.4938e-08  1.4938e-08  1.4938e-08  1.4938e-08  1.4938e-08  1.4938e-08
  1.4938e-08  1.4938e-08  1.4938e-08  1.4938e-08  1.4938e-08  1.4938e-08
  1.4938e-08  1.4938e-08  1.4938e-08  1.4938e-08  1.4938e-08  1.4938e-08
  1.4938e-08  1.4938e-08  1.4938e-08  1.4938e-08  1.4938e-08  1.4938e-08
  1.4938e-08  1.4938e-08  1.4938e-08  1.4938e-08  1.4938e-08  1.4938e-08
  1.4938e-08  1.4938e-08  1.4938e-08  1.4938e-08  1.4938e-08  1.4938e-08
  1.4938e-08  1.4938e-08  1.4938e-08  1.4938e-08  1.4938e-08  1.4938e-08
  1.4938e-08  1.4938e-08  1.4938e-08  1.4938e-08  1.4938e-08  1.4938e-08
  1.4938e-08  1.4938e-08  1.4938e-08  1.4938e-08  1.4938e-08  1.4938e-08
  1.4938e-08  1.4938e-08  1.4938e-08  1.4938e-08  1.4938e-08  1.4938e-08
  1.4938e-08  1.4938e-08  1.4938e-08  1.4938e-08  1.4938e-08  1.4938e-08
  1.4938e-08  1.4938e-08  1.4938e-08  1.4938e-08  1.4938e-08  4.0214e-08
  6.5475e-08  9.0751e-08  1.5163e-07  5.1463e-07  8.7764e-07  3.3163e-06
  5.7558e-06  8.1938e-06  1.2474e-05  2.0690e-05  2.8906e-05  3.3896e-05
  4.0548e-05  4.7923e-05  5.5089e-05  6.1482e-05  6.7152e-05  7.2596e-05
  7.8352e-05  8.4545e-05  9.0742e-05  9.6008e-05  9.9525e-05  1.0124e-04
  1.0175e-04  1.0183e-04  1.0183e-04  1.0183e-04  1.0183e-04  1.0183e-04
  1.0183e-04
# CCl4 profile (VMR-PPMV) for lat -45.0 degrees, month 01:
  2.5590e-08  2.5590e-08  2.5590e-08  2.5590e-08  2.5590e-08  2.5590e-08
  2.5590e-08  2.5590e-08  2.5590e-08  2.5590e-08  2.5590e-08  2.5590e-08
  2.5590e-08  2.5590e-08  2.5590e-08  2.5590e-08  2.5590e-08  2.5590e-08
  2.5590e-08  2.5590e-08  2.5590e-08  2.5590e-08  2.5590e-08  2.5590e-08
  2.5590e-08  2.5590e-08  2.5590e-08  2.5590e-08  2.5590e-08  2.5590e-08
  2.5590e-08  2.5590e-08  2.5590e-08  2.5590e-08  2.5590e-08  2.5590e-08
  2.5590e-08  2.5590e-08  2.5590e-08  2.5590e-08  2.5590e-08  2.5590e-08
  2.5590e-08  2.5590e-08  2.5590e-08  2.5590e-08  2.5590e-08  2.5590e-08
  2.5590e-08  2.5590e-08  2.5590e-08  2.5590e-08  2.5590e-08  2.5590e-08
  2.5590e-08  2.5590e-08  2.5590e-08  2.5590e-08  2.5590e-08  2.5590e-08
  2.5590e-08  2.5590e-08  2.5590e-08  2.5590e-08  2.5590e-08  2.5590e-08
  2.5590e-08  2.5590e-08  2.5590e-08  2.5590e-08  2.5590e-08  2.5590e-08
  2.5590e-08  2.5590e-08  2.5590e-08  2.5590e-08  2.5590e-08  2.5590e-08
  2.5590e-08  2.5590e-08  2.5590e-08  2.5590e-08  2.5590e-08  2.5590e-08
  2.5590e-08  2.5590e-08  2.5590e-08  2.5590e-08  2.5590e-08  6.8889e-08
  1.1216e-07  1.5546e-07  2.5974e-07  8.8158e-07  1.5034e-06  5.6810e-06
  9.8599e-06  1.4036e-05  2.1368e-05  3.5442e-05  4.9517e-05  5.7911e-05
  6.6503e-05  7.4208e-05  8.0362e-05  8.4951e-05  8.8464e-05  9.1552e-05
  9.4725e-05  9.7975e-05  1.0097e-04  1.0322e-04  1.0448e-04  1.0497e-04
  1.0504e-04  1.0505e-04  1.0505e-04  1.0505e-04  1.0505e-04  1.0505e-04
  1.0505e-04
# CCl4 profile (VMR-PPMV) for lat -10. degrees, month 01:
  4.0426e-08  4.0426e-08  4.0426e-08  4.0426e-08  4.0426e-08  4.0426e-08
  4.0426e-08  4.0426e-08  4.0426e-08  4.0426e-08  4.0426e-08  4.0426e-08
  4.0426e-08  4.0426e-08  4.0426e-08  4.0426e-08  4.0426e-08  4.0426e-08
  4.0426e-08  4.0426e-08  4.0426e-08  4.0426e-08  4.0426e-08  4.0426e-08
  4.0426e-08  4.0426e-08  4.0426e-08  4.0426e-08  4.0426e-08  4.0426e-08
  4.0426e-08  4.0426e-08  4.0426e-08  4.0426e-08  4.0426e-08  4.0426e-08
  4.0426e-08  4.0426e-08  4.0426e-08  4.0426e-08  4.0426e-08  4.0426e-08
  4.0426e-08  4.0426e-08  4.0426e-08  4.0426e-08  4.0426e-08  4.0426e-08
  4.0426e-08  4.0426e-08  4.0426e-08  4.0426e-08  4.0426e-08  4.0426e-08
  4.0426e-08  4.0426e-08  4.0426e-08  4.0426e-08  4.0426e-08  4.0426e-08
  4.0426e-08  4.0426e-08  4.0426e-08  4.0426e-08  4.0426e-08  4.0426e-08
  4.0426e-08  4.0426e-08  4.0426e-08  4.0426e-08  4.0426e-08  4.0426e-08
  4.0426e-08  4.0426e-08  4.0426e-08  4.0426e-08  4.0426e-08  4.0426e-08
  4.0426e-08  4.0426e-08  4.0426e-08  4.0426e-08  4.0426e-08  4.0426e-08
  4.0426e-08  4.0426e-08  4.0426e-08  4.0426e-08  4.0426e-08  1.0883e-07
  1.7719e-07  2.4559e-07  4.1032e-07  1.3927e-06  2.3750e-06  8.9745e-06
  1.5576e-05  2.2174e-05  3.3755e-05  5.5990e-05  7.8224e-05  8.7116e-05
  9.4000e-05  9.8473e-05  1.0110e-04  1.0266e-04  1.0365e-04  1.0431e-04
  1.0494e-04  1.0566e-04  1.0630e-04  1.0671e-04  1.0686e-04  1.0689e-04
  1.0689e-04  1.0689e-04  1.0689e-04  1.0689e-04  1.0689e-04  1.0689e-04
  1.0689e-04
# CCl4 profile (VMR-PPMV) for lat 10. degrees, month 01:
  4.1693e-08  4.1693e-08  4.1693e-08  4.1693e-08  4.1693e-08  4.1693e-08
  4.1693e-08  4.1693e-08  4.1693e-08  4.1693e-08  4.1693e-08  4.1693e-08
  4.1693e-08  4.1693e-08  4.1693e-08  4.1693e-08  4.1693e-08  4.1693e-08
  4.1693e-08  4.1693e-08  4.1693e-08  4.1693e-08  4.1693e-08  4.1693e-08
  4.1693e-08  4.1693e-08  4.1693e-08  4.1693e-08  4.1693e-08  4.1693e-08
  4.1693e-08  4.1693e-08  4.1693e-08  4.1693e-08  4.1693e-08  4.1693e-08
  4.1693e-08  4.1693e-08  4.1693e-08  4.1693e-08  4.1693e-08  4.1693e-08
  4.1693e-08  4.1693e-08  4.1693e-08  4.1693e-08  4.1693e-08  4.1693e-08
  4.1693e-08  4.1693e-08  4.1693e-08  4.1693e-08  4.1693e-08  4.1693e-08
  4.1693e-08  4.1693e-08  4.1693e-08  4.1693e-08  4.1693e-08  4.1693e-08
  4.1693e-08  4.1693e-08  4.1693e-08  4.1693e-08  4.1693e-08  4.1693e-08
  4.1693e-08  4.1693e-08  4.1693e-08  4.1693e-08  4.1693e-08  4.1693e-08
  4.1693e-08  4.1693e-08  4.1693e-08  4.1693e-08  4.1693e-08  4.1693e-08
  4.1693e-08  4.1693e-08  4.1693e-08  4.1693e-08  4.1693e-08  4.1693e-08
  4.1693e-08  4.1693e-08  4.1693e-08  4.1693e-08  4.1693e-08  1.1224e-07
  1.8274e-07  2.5329e-07  4.2319e-07  1.4363e-06  2.4495e-06  9.2559e-06
  1.6064e-05  2.2869e-05  3.4814e-05  5.7745e-05  8.0677e-05  8.8888e-05
  9.4722e-05  9.8148e-05  1.0013e-04  1.0149e-04  1.0256e-04  1.0339e-04
  1.0452e-04  1.0593e-04  1.0731e-04  1.0823e-04  1.0867e-04  1.0887e-04
  1.0892e-04  1.0892e-04  1.0892e-04  1.0892e-04  1.0892e-04  1.0892e-04
  1.0892e-04
# CCl4 profile (VMR-PPMV) for lat 45 degrees, month 01:
  1.6899e-08  1.6899e-08  1.6899e-08  1.6899e-08  1.6899e-08  1.6899e-08
  1.6899e-08  1.6899e-08  1.6899e-08  1.6899e-08  1.6899e-08  1.6899e-08
  1.6899e-08  1.6899e-08  1.6899e-08  1.6899e-08  1.6899e-08  1.6899e-08
  1.6899e-08  1.6899e-08  1.6899e-08  1.6899e-08  1.6899e-08  1.6899e-08
  1.6899e-08  1.6899e-08  1.6899e-08  1.6899e-08  1.6899e-08  1.6899e-08
  1.6899e-08  1.6899e-08  1.6899e-08  1.6899e-08  1.6899e-08  1.6899e-08
  1.6899e-08  1.6899e-08  1.6899e-08  1.6899e-08  1.6899e-08  1.6899e-08
  1.6899e-08  1.6899e-08  1.6899e-08  1.6899e-08  1.6899e-08  1.6899e-08
  1.6899e-08  1.6899e-08  1.6899e-08  1.6899e-08  1.6899e-08  1.6899e-08
  1.6899e-08  1.6899e-08  1.6899e-08  1.6899e-08  1.6899e-08  1.6899e-08
  1.6899e-08  1.6899e-08  1.6899e-08  1.6899e-08  1.6899e-08  1.6899e-08
  1.6899e-08  1.6899e-08  1.6899e-08  1.6899e-08  1.6899e-08  1.6899e-08
  1.6899e-08  1.6899e-08  1.6899e-08  1.6899e-08  1.6899e-08  1.6899e-08
  1.6899e-08  1.6899e-08  1.6899e-08  1.6899e-08  1.6899e-08  1.6899e-08
  1.6899e-08  1.6899e-08  1.6899e-08  1.6899e-08  1.6899e-08  4.5491e-08
  7.4067e-08  1.0266e-07  1.7152e-07  5.8216e-07  9.9279e-07  3.7515e-06
  6.5110e-06  9.2689e-06  1.4110e-05  2.3405e-05  3.2699e-05  3.7729e-05
  4.4365e-05  5.1844e-05  5.9972e-05  6.7934e-05  7.5147e-05  8.1482e-05
  8.7293e-05  9.2721e-05  9.7585e-05  1.0142e-04  1.0400e-04  1.0540e-04
  1.0594e-04  1.0606e-04  1.0606e-04  1.0606e-04  1.0606e-04  1.0606e-04
  1.0606e-04
# CCl4 profile (VMR-PPMV) for lat 75 degrees, month 01:
  1.2793e-08  1.2793e-08  1.2793e-08  1.2793e-08  1.2793e-08  1.2793e-08
  1.2793e-08  1.2793e-08  1.2793e-08  1.2793e-08  1.2793e-08  1.2793e-08
  1.2793e-08  1.2793e-08  1.2793e-08  1.2793e-08  1.2793e-08  1.2793e-08
  1.2793e-08  1.2793e-08  1.2793e-08  1.2793e-08  1.2793e-08  1.2793e-08
  1.2793e-08  1.2793e-08  1.2793e-08  1.2793e-08  1.2793e-08  1.2793e-08
  1.2793e-08  1.2793e-08  1.2793e-08  1.2793e-08  1.2793e-08  1.2793e-08
  1.2793e-08  1.2793e-08  1.2793e-08  1.2793e-08  1.2793e-08  1.2793e-08
  1.2793e-08  1.2793e-08  1.2793e-08  1.2793e-08  1.2793e-08  1.2793e-08
  1.2793e-08  1.2793e-08  1.2793e-08  1.2793e-08  1.2793e-08  1.2793e-08
  1.2793e-08  1.2793e-08  1.2793e-08  1.2793e-08  1.2793e-08  1.2793e-08
  1.2793e-08  1.2793e-08  1.2793e-08  1.2793e-08  1.2793e-08  1.2793e-08
  1.2793e-08  1.2793e-08  1.2793e-08  1.2793e-08  1.2793e-08  1.2793e-08
  1.2793e-08  1.2793e-08  1.2793e-08  1.2793e-08  1.2793e-08  1.2793e-08
  1.2793e-08  1.2793e-08  1.2793e-08  1.2793e-08  1.2793e-08  1.2793e-08
  1.2793e-08  1.2793e-08  1.2793e-08  1.2793e-08  1.2793e-08  3.4438e-08
  5.6071e-08  7.7716e-08  1.2985e-07  4.4071e-07  7.5158e-07  2.8400e-06
  4.9291e-06  7.0168e-06  1.0682e-05  1.7718e-05  2.4754e-05  2.7103e-05
  3.0516e-05  3.5714e-05  4.3048e-05  5.2019e-05  6.1551e-05  7.0757e-05
  7.9304e-05  8.7170e-05  9.4125e-05  9.9662e-05  1.0337e-04  1.0531e-04
  1.0602e-04  1.0618e-04  1.0618e-04  1.0618e-04  1.0618e-04  1.0618e-04
  1.0618e-04
# CCl4 profile (VMR-PPMV) for lat -75.0 degrees, month 01:
  1.4938e-08  1.4938e-08  1.4938e-08  1.4938e-08  1.4938e-08  1.4938e-08
  1.4938e-08  1.4938e-08  1.4938e-08  1.4938e-08  1.4938e-08  1.4938e-08
  1.4938e-08  1.4938e-08  1.4938e-08  1.4938e-08  1.4938e-08  1.4938e-08
  1.4938e-08  1.4938e-08  1.4938e-08  1.4938e-08  1.4938e-08  1.4938e-08
  1.4938e-08  1.4938e-08  1.4938e-08  1.4938e-08  1.4938e-08  1.4938e-08
  1.4938e-08  1.4938e-08  1.4938e-08  1.4938e-08  1.4938e-08  1.4938e-08
  1.4938e-08  1.4938e-08  1.4938e-08  1.4938e-08  1.4938e-08  1.4938e-08
  1.4938e-08  1.4938e-08  1.4938e-08  1.4938e-08  1.4938e-08  1.4938e-08
  1.4938e-08  1.4938e-08  1.4938e-08  1.4938e-08  1.4938e-08  1.4938e-08
  1.4938e-08  1.4938e-08  1.4938e-08  1.4938e-08  1.4938e-08  1.4938e-08
  1.4938e-08  1.4938e-08  1.4938e-08  1.4938e-08  1.4938e-08  1.4938e-08
  1.4938e-08  1.4938e-08  1.4938e-08  1.4938e-08  1.4938e-08  1.4938e-08
  1.4938e-08  1.4938e-08  1.4938e-08  1.4938e-08  1.4938e-08  1.4938e-08
  1.4938e-08  1.4938e-08  1.4938e-08  1.4938e-08  1.4938e-08  1.4938e-08
  1.4938e-08  1.4938e-08  1.4938e-08  1.4938e-08  1.4938e-08  4.0214e-08
  6.5475e-08  9.0751e-08  1.5163e-07  5.1463e-07  8.7764e-07  3.3163e-06
  5.7558e-06  8.1938e-06  1.2474e-05  2.0690e-05  2.8906e-05  3.3896e-05
  4.0548e-05  4.7923e-05  5.5089e-05  6.1482e-05  6.7152e-05  7.2596e-05
  7.8352e-05  8.4545e-05  9.0742e-05  9.6008e-05  9.9525e-05  1.0124e-04
  1.0175e-04  1.0183e-04  1.0183e-04  1.0183e-04  1.0183e-04  1.0183e-04
  1.0183e-04
# CCl4 profile (VMR-PPMV) for lat -45.0 degrees, month 01:
  2.5590e-08  2.5590e-08  2.5590e-08  2.5590e-08  2.5590e-08  2.5590e-08
  2.5590e-08  2.5590e-08  2.5590e-08  2.5590e-08  2.5590e-08  2.5590e-08
  2.5590e-08  2.5590e-08  2.5590e-08  2.5590e-08  2.5590e-08  2.5590e-08
  2.5590e-08  2.5590e-08  2.5590e-08  2.5590e-08  2.5590e-08  2.5590e-08
  2.5590e-08  2.5590e-08  2.5590e-08  2.5590e-08  2.5590e-08  2.5590e-08
  2.5590e-08  2.5590e-08  2.5590e-08  2.5590e-08  2.5590e-08  2.5590e-08
  2.5590e-08  2.5590e-08  2.5590e-08  2.5590e-08  2.5590e-08  2.5590e-08
  2.5590e-08  2.5590e-08  2.5590e-08  2.5590e-08  2.5590e-08  2.5590e-08
  2.5590e-08  2.5590e-08  2.5590e-08  2.5590e-08  2.5590e-08  2.5590e-08
  2.5590e-08  2.5590e-08  2.5590e-08  2.5590e-08  2.5590e-08  2.5590e-08
  2.5590e-08  2.5590e-08  2.5590e-08  2.5590e-08  2.5590e-08  2.5590e-08
  2.5590e-08  2.5590e-08  2.5590e-08  2.5590e-08  2.5590e-08  2.5590e-08
  2.5590e-08  2.5590e-08  2.5590e-08  2.5590e-08  2.5590e-08  2.5590e-08
  2.5590e-08  2.5590e-08  2.5590e-08  2.5590e-08  2.5590e-08  2.5590e-08
  2.5590e-08  2.5590e-08  2.5590e-08  2.5590e-08  2.5590e-08  6.8889e-08
  1.1216e-07  1.5546e-07  2.5974e-07  8.8158e-07  1.5034e-06  5.6810e-06
  9.8599e-06  1.4036e-05  2.1368e-05  3.5442e-05  4.9517e-05  5.7911e-05
  6.6503e-05  7.4208e-05  8.0362e-05  8.4951e-05  8.8464e-05  9.1552e-05
  9.4725e-05  9.7975e-05  1.0097e-04  1.0322e-04  1.0448e-04  1.0497e-04
  1.0504e-04  1.0505e-04  1.0505e-04  1.0505e-04  1.0505e-04  1.0505e-04
  1.0505e-04
# CCl4 profile (VMR-PPMV) for lat -10. degrees, month 01:
  4.0426e-08  4.0426e-08  4.0426e-08  4.0426e-08  4.0426e-08  4.0426e-08
  4.0426e-08  4.0426e-08  4.0426e-08  4.0426e-08  4.0426e-08  4.0426e-08
  4.0426e-08  4.0426e-08  4.0426e-08  4.0426e-08  4.0426e-08  4.0426e-08
  4.0426e-08  4.0426e-08  4.0426e-08  4.0426e-08  4.0426e-08  4.0426e-08
  4.0426e-08  4.0426e-08  4.0426e-08  4.0426e-08  4.0426e-08  4.0426e-08
  4.0426e-08  4.0426e-08  4.0426e-08  4.0426e-08  4.0426e-08  4.0426e-08
  4.0426e-08  4.0426e-08  4.0426e-08  4.0426e-08  4.0426e-08  4.0426e-08
  4.0426e-08  4.0426e-08  4.0426e-08  4.0426e-08  4.0426e-08  4.0426e-08
  4.0426e-08  4.0426e-08  4.0426e-08  4.0426e-08  4.0426e-08  4.0426e-08
  4.0426e-08  4.0426e-08  4.0426e-08  4.0426e-08  4.0426e-08  4.0426e-08
  4.0426e-08  4.0426e-08  4.0426e-08  4.0426e-08  4.0426e-08  4.0426e-08
  4.0426e-08  4.0426e-08  4.0426e-08  4.0426e-08  4.0426e-08  4.0426e-08
  4.0426e-08  4.0426e-08  4.0426e-08  4.0426e-08  4.0426e-08  4.0426e-08
  4.0426e-08  4.0426e-08  4.0426e-08  4.0426e-08  4.0426e-08  4.0426e-08
  4.0426e-08  4.0426e-08  4.0426e-08  4.0426e-08  4.0426e-08  1.0883e-07
  1.7719e-07  2.4559e-07  4.1032e-07  1.3927e-06  2.3750e-06  8.9745e-06
  1.5576e-05  2.2174e-05  3.3755e-05  5.5990e-05  7.8224e-05  8.7116e-05
  9.4000e-05  9.8473e-05  1.0110e-04  1.0266e-04  1.0365e-04  1.0431e-04
  1.0494e-04  1.0566e-04  1.0630e-04  1.0671e-04  1.0686e-04  1.0689e-04
  1.0689e-04  1.0689e-04  1.0689e-04  1.0689e-04  1.0689e-04  1.0689e-04
  1.0689e-04
# CCl4 profile (VMR-PPMV) for lat 10. degrees, month 01:
  4.1693e-08  4.1693e-08  4.1693e-08  4.1693e-08  4.1693e-08  4.1693e-08
  4.1693e-08  4.1693e-08  4.1693e-08  4.1693e-08  4.1693e-08  4.1693e-08
  4.1693e-08  4.1693e-08  4.1693e-08  4.1693e-08  4.1693e-08  4.1693e-08
  4.1693e-08  4.1693e-08  4.1693e-08  4.1693e-08  4.1693e-08  4.1693e-08
  4.1693e-08  4.1693e-08  4.1693e-08  4.1693e-08  4.1693e-08  4.1693e-08
  4.1693e-08  4.1693e-08  4.1693e-08  4.1693e-08  4.1693e-08  4.1693e-08
  4.1693e-08  4.1693e-08  4.1693e-08  4.1693e-08  4.1693e-08  4.1693e-08
  4.1693e-08  4.1693e-08  4.1693e-08  4.1693e-08  4.1693e-08  4.1693e-08
  4.1693e-08  4.1693e-08  4.1693e-08  4.1693e-08  4.1693e-08  4.1693e-08
  4.1693e-08  4.1693e-08  4.1693e-08  4.1693e-08  4.1693e-08  4.1693e-08
  4.1693e-08  4.1693e-08  4.1693e-08  4.1693e-08  4.1693e-08  4.1693e-08
  4.1693e-08  4.1693e-08  4.1693e-08  4.1693e-08  4.1693e-08  4.1693e-08
  4.1693e-08  4.1693e-08  4.1693e-08  4.1693e-08  4.1693e-08  4.1693e-08
  4.1693e-08  4.1693e-08  4.1693e-08  4.1693e-08  4.1693e-08  4.1693e-08
  4.1693e-08  4.1693e-08  4.1693e-08  4.1693e-08  4.1693e-08  1.1224e-07
  1.8274e-07  2.5329e-07  4.2319e-07  1.4363e-06  2.4495e-06  9.2559e-06
  1.6064e-05  2.2869e-05  3.4814e-05  5.7745e-05  8.0677e-05  8.8888e-05
  9.4722e-05  9.8148e-05  1.0013e-04  1.0149e-04  1.0256e-04  1.0339e-04
  1.0452e-04  1.0593e-04  1.0731e-04  1.0823e-04  1.0867e-04  1.0887e-04
  1.0892e-04  1.0892e-04  1.0892e-04  1.0892e-04  1.0892e-04  1.0892e-04
  1.0892e-04
# CCl4 profile (VMR-PPMV) for lat 45 degrees, month 01:
  1.6899e-08  1.6899e-08  1.6899e-08  1.6899e-08  1.6899e-08  1.6899e-08
  1.6899e-08  1.6899e-08  1.6899e-08  1.6899e-08  1.6899e-08  1.6899e-08
  1.6899e-08  1.6899e-08  1.6899e-08  1.6899e-08  1.6899e-08  1.6899e-08
  1.6899e-08  1.6899e-08  1.6899e-08  1.6899e-08  1.6899e-08  1.6899e-08
  1.6899e-08  1.6899e-08  1.6899e-08  1.6899e-08  1.6899e-08  1.6899e-08
  1.6899e-08  1.6899e-08  1.6899e-08  1.6899e-08  1.6899e-08  1.6899e-08
  1.6899e-08  1.6899e-08  1.6899e-08  1.6899e-08  1.6899e-08  1.6899e-08
  1.6899e-08  1.6899e-08  1.6899e-08  1.6899e-08  1.6899e-08  1.6899e-08
  1.6899e-08  1.6899e-08  1.6899e-08  1.6899e-08  1.6899e-08  1.6899e-08
  1.6899e-08  1.6899e-08  1.6899e-08  1.6899e-08  1.6899e-08  1.6899e-08
  1.6899e-08  1.6899e-08  1.6899e-08  1.6899e-08  1.6899e-08  1.6899e-08
  1.6899e-08  1.6899e-08  1.6899e-08  1.6899e-08  1.6899e-08  1.6899e-08
  1.6899e-08  1.6899e-08  1.6899e-08  1.6899e-08  1.6899e-08  1.6899e-08
  1.6899e-08  1.6899e-08  1.6899e-08  1.6899e-08  1.6899e-08  1.6899e-08
  1.6899e-08  1.6899e-08  1.6899e-08  1.6899e-08  1.6899e-08  4.5491e-08
  7.4067e-08  1.0266e-07  1.7152e-07  5.8216e-07  9.9279e-07  3.7515e-06
  6.5110e-06  9.2689e-06  1.4110e-05  2.3405e-05  3.2699e-05  3.7729e-05
  4.4365e-05  5.1844e-05  5.9972e-05  6.7934e-05  7.5147e-05  8.1482e-05
  8.7293e-05  9.2721e-05  9.7585e-05  1.0142e-04  1.0400e-04  1.0540e-04
  1.0594e-04  1.0606e-04  1.0606e-04  1.0606e-04  1.0606e-04  1.0606e-04
  1.0606e-04
# CCl4 profile (VMR-PPMV) for lat 75 degrees, month 01:
  1.2793e-08  1.2793e-08  1.2793e-08  1.2793e-08  1.2793e-08  1.2793e-08
  1.2793e-08  1.2793e-08  1.2793e-08  1.2793e-08  1.2793e-08  1.2793e-08
  1.2793e-08  1.2793e-08  1.2793e-08  1.2793e-08  1.2793e-08  1.2793e-08
  1.2793e-08  1.2793e-08  1.2793e-08  1.2793e-08  1.2793e-08  1.2793e-08
  1.2793e-08  1.2793e-08  1.2793e-08  1.2793e-08  1.2793e-08  1.2793e-08
  1.2793e-08  1.2793e-08  1.2793e-08  1.2793e-08  1.2793e-08  1.2793e-08
  1.2793e-08  1.2793e-08  1.2793e-08  1.2793e-08  1.2793e-08  1.2793e-08
  1.2793e-08  1.2793e-08  1.2793e-08  1.2793e-08  1.2793e-08  1.2793e-08
  1.2793e-08  1.2793e-08  1.2793e-08  1.2793e-08  1.2793e-08  1.2793e-08
  1.2793e-08  1.2793e-08  1.2793e-08  1.2793e-08  1.2793e-08  1.2793e-08
  1.2793e-08  1.2793e-08  1.2793e-08  1.2793e-08  1.2793e-08  1.2793e-08
  1.2793e-08  1.2793e-08  1.2793e-08  1.2793e-08  1.2793e-08  1.2793e-08
  1.2793e-08  1.2793e-08  1.2793e-08  1.2793e-08  1.2793e-08  1.2793e-08
  1.2793e-08  1.2793e-08  1.2793e-08  1.2793e-08  1.2793e-08  1.2793e-08
  1.2793e-08  1.2793e-08  1.2793e-08  1.2793e-08  1.2793e-08  3.4438e-08
  5.6071e-08  7.7716e-08  1.2985e-07  4.4071e-07  7.5158e-07  2.8400e-06
  4.9291e-06  7.0168e-06  1.0682e-05  1.7718e-05  2.4754e-05  2.7103e-05
  3.0516e-05  3.5714e-05  4.3048e-05  5.2019e-05  6.1551e-05  7.0757e-05
  7.9304e-05  8.7170e-05  9.4125e-05  9.9662e-05  1.0337e-04  1.0531e-04
  1.0602e-04  1.0618e-04  1.0618e-04  1.0618e-04  1.0618e-04  1.0618e-04
  1.0618e-04
# Last line of file.
