21-JAN-2014 12:01:49.000000
# V5 INTERIM FILE generated by J.J. Remedios and H. Sembhi
# HITRAN code of the gas:
 10
# DN:
1 1 1 1 1 1
# NO2 profile (VMR-PPMV) for lat -75.0 degrees, month 01:
  2.6650e-07  2.8140e-07  2.9703e-07  3.1483e-07  3.3530e-07  3.5917e-07
  3.8657e-07  4.1763e-07  4.5360e-07  4.9407e-07  5.4137e-07  5.9550e-07
  6.5833e-07  7.2943e-07  8.1130e-07  9.0380e-07  1.0106e-06  1.1313e-06
  1.2733e-06  1.4363e-06  1.6220e-06  1.8323e-06  2.0720e-06  2.3473e-06
  2.6593e-06  3.0137e-06  3.4150e-06  3.8910e-06  4.4293e-06  5.0370e-06
  5.7073e-06  6.4480e-06  7.2810e-06  8.2173e-06  9.2690e-06  1.0438e-05
  1.1730e-05  1.3162e-05  1.4665e-05  1.6175e-05  1.7636e-05  1.9057e-05
  2.0435e-05  2.1773e-05  2.3072e-05  2.4337e-05  2.5568e-05  2.6768e-05
  4.1445e-05  7.6718e-05  1.3229e-04  1.9417e-04  2.4846e-04  2.8153e-04
  2.9389e-04  2.9234e-04  2.9017e-04  2.8096e-04  2.6482e-04  2.4249e-04
  2.2320e-04  2.0968e-04  2.0184e-04  1.9687e-04  1.9548e-04  1.9875e-04
  2.0663e-04  2.1555e-04  2.3788e-04  2.8060e-04  3.4376e-04  4.1390e-04
  5.0677e-04  6.6542e-04  8.8988e-04  1.1589e-03  1.5045e-03  1.9291e-03
  2.4313e-03  2.9711e-03  3.5534e-03  4.1812e-03  4.7336e-03  5.1972e-03
  5.5675e-03  5.8396e-03  6.0200e-03  6.1046e-03  5.9559e-03  5.5678e-03
  5.0719e-03  4.7042e-03  4.4217e-03  4.0903e-03  3.6771e-03  3.2271e-03
  2.7788e-03  2.3671e-03  1.9894e-03  1.6162e-03  1.2689e-03  9.9975e-04
  8.3483e-04  7.7469e-04  7.5555e-04  7.3584e-04  6.5859e-04  5.4228e-04
  4.0826e-04  2.8264e-04  1.6681e-04  8.5005e-05  3.8539e-05  2.4757e-05
  1.4996e-05  7.1166e-06  4.0759e-06  8.7625e-06  2.1096e-05  3.9628e-05
  5.8630e-05
# NO2 profile (VMR-PPMV) for lat -45.0 degrees, month 01:
  6.0450e-06  6.0450e-06  6.0450e-06  6.0450e-06  6.0450e-06  6.0450e-06
  6.0450e-06  6.0450e-06  6.0450e-06  6.0450e-06  6.0450e-06  6.0450e-06
  6.0450e-06  6.0450e-06  6.0450e-06  6.0450e-06  6.0450e-06  6.0450e-06
  6.0450e-06  6.0450e-06  6.1017e-06  6.3300e-06  6.8483e-06  7.6617e-06
  8.6567e-06  9.7117e-06  1.0768e-05  1.1820e-05  1.2872e-05  1.4018e-05
  1.5370e-05  1.7050e-05  1.8952e-05  2.0953e-05  2.3238e-05  2.6162e-05
  3.0058e-05  3.4605e-05  3.8803e-05  4.2315e-05  4.5143e-05  4.7934e-05
  5.0687e-05  5.3396e-05  5.6063e-05  5.8695e-05  6.3518e-05  7.3097e-05
  8.7381e-05  1.0409e-04  1.2059e-04  1.3878e-04  1.5904e-04  1.8132e-04
  2.0371e-04  2.2484e-04  2.4296e-04  2.5814e-04  2.7134e-04  2.8238e-04
  2.8912e-04  2.9166e-04  2.9204e-04  2.9192e-04  2.9105e-04  2.8944e-04
  2.8761e-04  2.9100e-04  3.0167e-04  3.1960e-04  3.3956e-04  3.7547e-04
  4.3701e-04  5.2429e-04  6.5013e-04  8.4969e-04  1.1233e-03  1.4726e-03
  1.9509e-03  2.5586e-03  3.2642e-03  3.9615e-03  4.6536e-03  5.2713e-03
  5.7107e-03  5.9683e-03  6.0376e-03  5.8944e-03  5.5387e-03  5.0491e-03
  4.5538e-03  4.0188e-03  3.4426e-03  2.8388e-03  2.2491e-03  1.7314e-03
  1.2914e-03  9.7070e-04  7.3755e-04  5.9961e-04  5.1952e-04  4.8051e-04
  4.5938e-04  4.3597e-04  3.9131e-04  3.2979e-04  2.6188e-04  2.0026e-04
  1.4798e-04  1.0406e-04  6.7967e-05  4.0043e-05  2.2718e-05  1.3944e-05
  1.0533e-05  7.6655e-06  5.7249e-06  4.9114e-06  3.4236e-04  1.3543e-03
  3.0405e-03
# NO2 profile (VMR-PPMV) for lat -10. degrees, month 01:
  9.0000e-08  9.0000e-08  9.0000e-08  9.0000e-08  9.0000e-08  9.0000e-08
  9.0000e-08  9.0000e-08  9.0000e-08  9.0000e-08  9.0000e-08  9.0000e-08
  9.0000e-08  9.0000e-08  9.0000e-08  9.0000e-08  9.0000e-08  9.0000e-08
  9.0000e-08  9.0000e-08  9.0000e-08  9.0000e-08  9.0000e-08  9.0000e-08
  9.0000e-08  9.0000e-08  9.0000e-08  9.0000e-08  9.0000e-08  9.0000e-08
  9.0000e-08  9.0000e-08  9.0000e-08  9.0000e-08  9.0230e-08  9.0897e-08
  9.2073e-08  9.3620e-08  9.5427e-08  9.6065e-08  9.5445e-08  9.3474e-08
  9.1508e-08  8.9546e-08  8.7587e-08  8.9803e-08  9.8648e-08  1.1404e-07
  1.3176e-07  1.5477e-07  2.0331e-07  2.7723e-07  3.7035e-07  4.6223e-07
  6.1466e-07  8.3677e-07  1.1275e-06  1.4373e-06  1.9536e-06  2.6717e-06
  3.5775e-06  4.6140e-06  6.1971e-06  8.3203e-06  1.0844e-05  1.8162e-05
  4.1031e-05  7.9293e-05  1.2814e-04  1.8241e-04  2.5755e-04  3.5393e-04
  4.6993e-04  6.0357e-04  7.5459e-04  9.3841e-04  1.2180e-03  1.5945e-03
  2.0709e-03  2.6446e-03  3.3161e-03  4.0273e-03  4.6134e-03  5.0741e-03
  5.3796e-03  5.4941e-03  5.3824e-03  5.0496e-03  4.5874e-03  3.9735e-03
  3.2720e-03  2.5266e-03  1.8484e-03  1.2938e-03  9.0577e-04  6.6449e-04
  5.3368e-04  4.6914e-04  4.3378e-04  3.9906e-04  3.5100e-04  2.9279e-04
  2.2978e-04  1.7665e-04  1.3539e-04  1.0831e-04  8.9664e-05  7.7640e-05
  6.9559e-05  6.3026e-05  5.6973e-05  5.0890e-05  4.5018e-05  3.9258e-05
  3.3658e-05  2.8159e-05  2.4587e-05  2.4074e-05  4.9042e-05  1.2008e-04
  2.3600e-04
# NO2 profile (VMR-PPMV) for lat 10. degrees, month 01:
  9.0000e-08  9.0000e-08  9.0000e-08  9.0000e-08  9.0000e-08  9.0000e-08
  9.0000e-08  9.0000e-08  9.0000e-08  9.0000e-08  9.0000e-08  9.0000e-08
  9.0000e-08  9.0000e-08  9.0000e-08  9.0000e-08  9.0000e-08  9.0000e-08
  9.0000e-08  9.0000e-08  9.0000e-08  9.0000e-08  9.0000e-08  9.0000e-08
  9.0000e-08  9.0000e-08  9.0000e-08  9.0000e-08  9.0000e-08  9.0000e-08
  9.0000e-08  9.0000e-08  9.0000e-08  9.0000e-08  9.0230e-08  9.0897e-08
  9.2073e-08  9.3620e-08  9.5427e-08  9.5700e-08  9.4349e-08  9.1290e-08
  8.8243e-08  8.5210e-08  8.2183e-08  8.2613e-08  8.8687e-08  1.0040e-07
  1.1429e-07  1.3341e-07  1.7328e-07  2.3362e-07  3.0876e-07  3.8299e-07
  5.0969e-07  6.9173e-07  9.2775e-07  1.1880e-06  1.6228e-06  2.2297e-06
  2.9838e-06  3.8810e-06  5.2631e-06  7.1248e-06  9.3168e-06  1.6684e-05
  3.8034e-05  7.3294e-05  1.1728e-04  1.6798e-04  2.3692e-04  3.2411e-04
  4.2818e-04  5.4663e-04  6.7947e-04  8.5363e-04  1.1091e-03  1.4472e-03
  1.8894e-03  2.4497e-03  3.1281e-03  3.8229e-03  4.4299e-03  4.9505e-03
  5.3056e-03  5.4381e-03  5.2888e-03  4.9384e-03  4.4366e-03  3.7969e-03
  3.0735e-03  2.3251e-03  1.6619e-03  1.1239e-03  7.5921e-04  5.2955e-04
  4.0394e-04  3.3506e-04  2.9299e-04  2.5874e-04  2.1944e-04  1.7798e-04
  1.3767e-04  1.0493e-04  8.1318e-05  6.6297e-05  5.6437e-05  4.8999e-05
  4.3376e-05  3.9719e-05  3.7116e-05  3.5005e-05  3.2971e-05  3.0982e-05
  2.9050e-05  2.7151e-05  2.6902e-05  3.2747e-05  6.2294e-05  1.3153e-04
  2.3600e-04
# NO2 profile (VMR-PPMV) for lat 45 degrees, month 01:
  6.0450e-06  6.0450e-06  6.0450e-06  6.0450e-06  6.0450e-06  6.0450e-06
  6.0450e-06  6.0450e-06  6.0450e-06  6.0450e-06  6.0450e-06  6.0450e-06
  6.0450e-06  6.0450e-06  6.0450e-06  6.0450e-06  6.0450e-06  6.0450e-06
  6.0450e-06  6.0450e-06  6.1017e-06  6.3300e-06  6.8483e-06  7.6617e-06
  8.6567e-06  9.7117e-06  1.0768e-05  1.1820e-05  1.2872e-05  1.4018e-05
  1.5370e-05  1.7050e-05  1.8952e-05  2.0953e-05  2.3238e-05  2.6162e-05
  3.0058e-05  3.4605e-05  3.9456e-05  4.5617e-05  5.1017e-05  5.5649e-05
  5.8191e-05  6.0726e-05  6.3260e-05  6.5793e-05  6.8321e-05  7.0844e-05
  7.8329e-05  9.1456e-05  1.1022e-04  1.2962e-04  1.5277e-04  1.8776e-04
  2.3464e-04  2.8957e-04  3.4441e-04  3.8777e-04  4.1850e-04  4.3664e-04
  4.5242e-04  4.5739e-04  4.5162e-04  4.3628e-04  4.2134e-04  4.0735e-04
  3.9435e-04  3.8201e-04  3.7415e-04  3.7455e-04  3.8312e-04  3.9547e-04
  4.2145e-04  4.6876e-04  5.3737e-04  6.4344e-04  7.9450e-04  9.9101e-04
  1.2498e-03  1.5766e-03  1.9721e-03  2.3670e-03  2.7359e-03  3.0794e-03
  3.3440e-03  3.5244e-03  3.6190e-03  3.6188e-03  3.4916e-03  3.2123e-03
  2.8462e-03  2.4299e-03  1.9840e-03  1.5506e-03  1.1587e-03  8.3997e-04
  6.0752e-04  4.4852e-04  3.5265e-04  2.9635e-04  2.7132e-04  2.6250e-04
  2.5529e-04  2.4328e-04  2.2254e-04  1.9643e-04  1.6997e-04  1.4756e-04
  1.2909e-04  1.1349e-04  9.9051e-05  8.6144e-05  7.4471e-05  6.3559e-05
  5.2848e-05  4.2349e-05  4.0054e-05  9.4152e-05  4.8441e-04  1.4826e-03
  3.0405e-03
# NO2 profile (VMR-PPMV) for lat 75 degrees, month 01:
  1.6000e-02  1.6000e-02  1.6000e-02  1.6000e-02  1.6000e-02  1.6000e-02
  1.6000e-02  1.6000e-02  1.6000e-02  1.6000e-02  1.6000e-02  1.6000e-02
  1.6000e-02  1.6000e-02  1.6000e-02  1.6000e-02  1.6000e-02  1.6000e-02
  1.6000e-02  1.6097e-02  1.6330e-02  1.6733e-02  1.7243e-02  1.7860e-02
  1.8597e-02  1.9480e-02  2.0533e-02  2.1827e-02  2.3243e-02  2.4803e-02
  2.6513e-02  2.8500e-02  3.0827e-02  3.3523e-02  3.6650e-02  4.0273e-02
  4.4487e-02  4.8660e-02  5.2570e-02  5.6130e-02  6.0237e-02  6.0425e-02
  5.6533e-02  4.8179e-02  3.9838e-02  3.1498e-02  2.3153e-02  1.4809e-02
  8.3064e-03  4.4746e-03  3.3049e-03  2.9731e-03  2.6440e-03  2.3554e-03
  2.1066e-03  1.8968e-03  1.6887e-03  1.4918e-03  1.3254e-03  1.1896e-03
  1.0752e-03  9.6258e-04  8.6071e-04  7.6937e-04  6.8761e-04  6.0609e-04
  5.3681e-04  4.8157e-04  4.4040e-04  4.0123e-04  3.7400e-04  3.6333e-04
  3.6923e-04  3.7982e-04  3.9995e-04  4.3564e-04  4.8701e-04  5.5693e-04
  6.5859e-04  7.9231e-04  9.4648e-04  1.1184e-03  1.3079e-03  1.5155e-03
  1.7038e-03  1.8546e-03  1.9672e-03  2.0448e-03  2.0607e-03  2.0141e-03
  1.8882e-03  1.6998e-03  1.4463e-03  1.1583e-03  8.8924e-04  6.4942e-04
  4.7230e-04  3.3391e-04  2.4677e-04  1.8289e-04  1.4600e-04  1.1982e-04
  1.0470e-04  9.6161e-05  9.0541e-05  8.5465e-05  8.0261e-05  7.7354e-05
  7.4621e-05  6.9874e-05  5.9694e-05  4.7111e-05  3.4838e-05  2.6057e-05
  2.1747e-05  2.0682e-05  2.2016e-05  3.1668e-05  5.1025e-05  8.0479e-05
  1.1270e-04
# NO2 profile (VMR-PPMV) for lat -75.0 degrees, month 01:
  2.6650e-07  2.8140e-07  2.9703e-07  3.1483e-07  3.3530e-07  3.5917e-07
  3.8657e-07  4.1763e-07  4.5360e-07  4.9407e-07  5.4137e-07  5.9550e-07
  6.5833e-07  7.2943e-07  8.1130e-07  9.0380e-07  1.0106e-06  1.1313e-06
  1.2733e-06  1.4363e-06  1.6220e-06  1.8323e-06  2.0720e-06  2.3473e-06
  2.6593e-06  3.0137e-06  3.4150e-06  3.8910e-06  4.4293e-06  5.0370e-06
  5.7073e-06  6.4480e-06  7.2810e-06  8.2173e-06  9.2690e-06  1.0438e-05
  1.1730e-05  1.7473e-05  2.7427e-05  4.1409e-05  5.4942e-05  6.8106e-05
  8.0870e-05  9.3258e-05  1.0529e-04  1.1700e-04  1.3405e-04  1.5980e-04
  1.9391e-04  2.3066e-04  2.6703e-04  3.1035e-04  3.6065e-04  4.1707e-04
  4.7259e-04  5.3517e-04  6.1105e-04  7.0001e-04  7.9373e-04  9.2301e-04
  1.0986e-03  1.3204e-03  1.5574e-03  1.9085e-03  2.3729e-03  2.9437e-03
  3.5102e-03  4.1319e-03  4.8104e-03  5.5466e-03  6.2823e-03  6.9926e-03
  7.6643e-03  8.2974e-03  8.9194e-03  9.5586e-03  1.0215e-02  1.0888e-02
  1.1558e-02  1.2227e-02  1.2892e-02  1.3509e-02  1.4051e-02  1.4519e-02
  1.4829e-02  1.4917e-02  1.4779e-02  1.4323e-02  1.3426e-02  1.2143e-02
  1.0804e-02  9.5940e-03  8.3977e-03  7.1206e-03  5.8264e-03  4.5825e-03
  3.5312e-03  2.6365e-03  1.9817e-03  1.4464e-03  1.0846e-03  8.6050e-04
  7.6749e-04  7.8376e-04  8.3239e-04  8.7147e-04  8.3002e-04  7.1932e-04
  5.6254e-04  3.9900e-04  2.3987e-04  1.2783e-04  6.1797e-05  4.1515e-05
  2.4796e-05  1.2236e-05  5.8592e-06  8.7625e-06  2.1096e-05  3.9628e-05
  5.8630e-05
# NO2 profile (VMR-PPMV) for lat -45.0 degrees, month 01:
  6.0450e-06  6.0450e-06  6.0450e-06  6.0450e-06  6.0450e-06  6.0450e-06
  6.0450e-06  6.0450e-06  6.0450e-06  6.0450e-06  6.0450e-06  6.0450e-06
  6.0450e-06  6.0450e-06  6.0450e-06  6.0450e-06  6.0450e-06  6.0450e-06
  6.0450e-06  6.0450e-06  6.1017e-06  6.3300e-06  6.8483e-06  7.6617e-06
  8.6567e-06  9.7117e-06  1.0768e-05  1.1820e-05  1.2872e-05  1.4018e-05
  1.5370e-05  1.7050e-05  1.8952e-05  2.0953e-05  2.3238e-05  2.6162e-05
  3.0058e-05  3.4605e-05  4.7438e-05  6.8036e-05  9.6334e-05  1.2425e-04
  1.5179e-04  1.7889e-04  2.0558e-04  2.3191e-04  2.7404e-04  3.4390e-04
  4.4121e-04  5.4947e-04  6.5644e-04  7.7802e-04  9.1530e-04  1.0680e-03
  1.2198e-03  1.3768e-03  1.5495e-03  1.7386e-03  1.9359e-03  2.1771e-03
  2.5001e-03  2.9054e-03  3.3449e-03  3.8713e-03  4.4981e-03  5.2268e-03
  5.9661e-03  6.6395e-03  7.2439e-03  7.7803e-03  8.3115e-03  8.9008e-03
  9.5609e-03  1.0293e-02  1.1041e-02  1.1796e-02  1.2556e-02  1.3310e-02
  1.4035e-02  1.4731e-02  1.5359e-02  1.5777e-02  1.5985e-02  1.5969e-02
  1.5666e-02  1.5071e-02  1.4199e-02  1.3110e-02  1.1835e-02  1.0507e-02
  9.2766e-03  8.0575e-03  6.7712e-03  5.4734e-03  4.2454e-03  3.2280e-03
  2.3978e-03  1.8262e-03  1.4147e-03  1.1852e-03  1.0915e-03  1.0971e-03
  1.1647e-03  1.1994e-03  1.1673e-03  1.0377e-03  8.6408e-04  6.7064e-04
  5.0417e-04  3.6646e-04  2.6218e-04  1.8312e-04  1.2704e-04  8.8401e-05
  5.8317e-05  3.1337e-05  1.3603e-05  4.9114e-06  3.4236e-04  1.3543e-03
  3.0405e-03
# NO2 profile (VMR-PPMV) for lat -10. degrees, month 01:
  9.0000e-08  9.0000e-08  9.0000e-08  9.0000e-08  9.0000e-08  9.0000e-08
  9.0000e-08  9.0000e-08  9.0000e-08  9.0000e-08  9.0000e-08  9.0000e-08
  9.0000e-08  9.0000e-08  9.0000e-08  9.0000e-08  9.0000e-08  9.0000e-08
  9.0000e-08  9.0000e-08  9.0000e-08  9.0000e-08  9.0000e-08  9.0000e-08
  9.0000e-08  9.0000e-08  9.0000e-08  9.0000e-08  9.0000e-08  9.0000e-08
  9.0000e-08  9.0000e-08  9.0000e-08  9.0000e-08  9.0230e-08  9.0897e-08
  9.2073e-08  9.3620e-08  9.5427e-08  2.5146e-07  5.6155e-07  1.0246e-06
  1.4867e-06  1.9478e-06  2.4779e-06  3.1659e-06  4.0106e-06  4.9385e-06
  5.8589e-06  4.7089e-05  1.3176e-04  2.5960e-04  3.8922e-04  5.1845e-04
  6.4810e-04  7.7888e-04  9.0921e-04  1.0681e-03  1.2806e-03  1.5453e-03
  1.8319e-03  2.1906e-03  2.6517e-03  3.2138e-03  3.8023e-03  4.4911e-03
  5.2987e-03  6.2224e-03  7.1596e-03  8.1291e-03  9.1398e-03  1.0195e-02
  1.1314e-02  1.2504e-02  1.3764e-02  1.4909e-02  1.5854e-02  1.6600e-02
  1.7106e-02  1.7287e-02  1.7140e-02  1.6731e-02  1.6075e-02  1.5169e-02
  1.4031e-02  1.2708e-02  1.1246e-02  9.7626e-03  8.3437e-03  6.9430e-03
  5.5645e-03  4.2187e-03  3.0730e-03  2.1211e-03  1.5026e-03  1.0875e-03
  8.8040e-04  7.5547e-04  6.7129e-04  5.9337e-04  4.9970e-04  4.0111e-04
  3.0808e-04  2.3372e-04  1.8116e-04  1.4732e-04  1.2526e-04  1.0896e-04
  9.6367e-05  8.6075e-05  7.6255e-05  6.6745e-05  5.7566e-05  4.8560e-05
  3.9806e-05  3.1210e-05  2.5601e-05  2.4074e-05  4.9042e-05  1.2008e-04
  2.3600e-04
# NO2 profile (VMR-PPMV) for lat 10. degrees, month 01:
  9.0000e-08  9.0000e-08  9.0000e-08  9.0000e-08  9.0000e-08  9.0000e-08
  9.0000e-08  9.0000e-08  9.0000e-08  9.0000e-08  9.0000e-08  9.0000e-08
  9.0000e-08  9.0000e-08  9.0000e-08  9.0000e-08  9.0000e-08  9.0000e-08
  9.0000e-08  9.0000e-08  9.0000e-08  9.0000e-08  9.0000e-08  9.0000e-08
  9.0000e-08  9.0000e-08  9.0000e-08  9.0000e-08  9.0000e-08  9.0000e-08
  9.0000e-08  9.0000e-08  9.0000e-08  9.0000e-08  9.0230e-08  9.0897e-08
  9.2073e-08  9.3620e-08  9.5427e-08  2.2805e-07  4.9144e-07  8.8386e-07
  1.2747e-06  1.6638e-06  2.0547e-06  2.6484e-06  3.4420e-06  4.4335e-06
  5.4215e-06  7.1856e-06  1.0628e-05  1.5730e-05  2.1677e-05  2.7554e-05
  9.0261e-05  2.1037e-04  3.8676e-04  5.6311e-04  7.5017e-04  9.4798e-04
  1.1555e-03  1.3837e-03  1.6742e-03  2.0264e-03  2.4179e-03  2.9212e-03
  3.6464e-03  4.5920e-03  5.6448e-03  6.6495e-03  7.5647e-03  8.3904e-03
  9.2621e-03  1.0326e-02  1.1583e-02  1.2808e-02  1.3684e-02  1.4210e-02
  1.4502e-02  1.4737e-02  1.4912e-02  1.4987e-02  1.4864e-02  1.4541e-02
  1.3971e-02  1.3092e-02  1.1899e-02  1.0499e-02  9.0402e-03  7.4960e-03
  5.9155e-03  4.3892e-03  3.0987e-03  2.0993e-03  1.4463e-03  1.0503e-03
  8.4532e-04  7.4205e-04  6.8175e-04  6.1923e-04  5.1914e-04  4.0546e-04
  2.9558e-04  2.2565e-04  1.7797e-04  1.4682e-04  1.2320e-04  1.0585e-04
  9.2933e-05  8.2981e-05  7.3891e-05  6.5223e-05  5.6870e-05  4.8699e-05
  4.0768e-05  3.2969e-05  2.8835e-05  3.2747e-05  6.2294e-05  1.3153e-04
  2.3600e-04
# NO2 profile (VMR-PPMV) for lat 45 degrees, month 01:
  6.0450e-06  6.0450e-06  6.0450e-06  6.0450e-06  6.0450e-06  6.0450e-06
  6.0450e-06  6.0450e-06  6.0450e-06  6.0450e-06  6.0450e-06  6.0450e-06
  6.0450e-06  6.0450e-06  6.0450e-06  6.0450e-06  6.0450e-06  6.0450e-06
  6.0450e-06  6.0450e-06  6.1017e-06  6.3300e-06  6.8483e-06  7.6617e-06
  8.6567e-06  9.7117e-06  1.0768e-05  1.1820e-05  1.2872e-05  1.4018e-05
  1.5370e-05  1.7050e-05  1.8952e-05  2.0953e-05  2.3238e-05  2.6162e-05
  3.0058e-05  3.4605e-05  3.9456e-05  4.5617e-05  6.6341e-05  1.0148e-04
  1.4972e-04  1.9781e-04  2.4591e-04  2.9398e-04  3.4195e-04  3.9459e-04
  5.0659e-04  6.7802e-04  9.0397e-04  1.1295e-03  1.3408e-03  1.5213e-03
  1.6715e-03  1.8049e-03  1.9380e-03  2.0552e-03  2.1562e-03  2.2408e-03
  2.3287e-03  2.4476e-03  2.5975e-03  2.7739e-03  2.9789e-03  3.2588e-03
  3.6118e-03  4.0081e-03  4.4345e-03  4.9195e-03  5.4609e-03  6.0257e-03
  6.5760e-03  7.1056e-03  7.6143e-03  8.1201e-03  8.6398e-03  9.1747e-03
  9.6598e-03  1.0010e-02  1.0224e-02  1.0353e-02  1.0465e-02  1.0560e-02
  1.0593e-02  1.0527e-02  1.0362e-02  1.0002e-02  9.2883e-03  8.2160e-03
  6.9227e-03  5.6251e-03  4.3568e-03  3.1892e-03  2.2116e-03  1.4504e-03
  9.4647e-04  6.1506e-04  4.3371e-04  3.2076e-04  2.6303e-04  2.3478e-04
  2.2013e-04  2.1004e-04  1.9807e-04  1.8644e-04  1.7480e-04  1.5999e-04
  1.4048e-04  1.1965e-04  1.0191e-04  8.6857e-05  7.4126e-05  6.3137e-05
  5.2645e-05  4.2248e-05  4.0021e-05  9.4152e-05  4.8441e-04  1.4826e-03
  3.0405e-03
# NO2 profile (VMR-PPMV) for lat 75 degrees, month 01:
  1.6000e-02  1.6000e-02  1.6000e-02  1.6000e-02  1.6000e-02  1.6000e-02
  1.6000e-02  1.6000e-02  1.6000e-02  1.6000e-02  1.6000e-02  1.6000e-02
  1.6000e-02  1.6000e-02  1.6000e-02  1.6000e-02  1.6000e-02  1.6000e-02
  1.6000e-02  1.6097e-02  1.6330e-02  1.6733e-02  1.7243e-02  1.7860e-02
  1.8597e-02  1.9480e-02  2.0533e-02  2.1827e-02  2.3243e-02  2.4803e-02
  2.6513e-02  2.8500e-02  3.0827e-02  3.3523e-02  3.6650e-02  4.0273e-02
  4.4487e-02  4.8660e-02  5.2570e-02  5.6130e-02  6.0237e-02  6.0689e-02
  5.7327e-02  4.9765e-02  4.2216e-02  3.4668e-02  2.7114e-02  1.9562e-02
  1.3659e-02  1.0080e-02  8.8164e-03  8.2360e-03  7.6704e-03  7.1880e-03
  6.7878e-03  6.4581e-03  6.1309e-03  5.8460e-03  5.6231e-03  5.4621e-03
  5.3238e-03  5.1692e-03  4.9930e-03  4.7951e-03  4.5934e-03  4.4398e-03
  4.3342e-03  4.2757e-03  4.2174e-03  4.2490e-03  4.3761e-03  4.5988e-03
  4.8277e-03  5.0267e-03  5.1858e-03  5.3049e-03  5.3723e-03  5.3603e-03
  5.2686e-03  5.1313e-03  4.9536e-03  4.7346e-03  4.4804e-03  4.2147e-03
  3.9379e-03  3.6506e-03  3.3711e-03  3.0993e-03  2.8339e-03  2.4962e-03
  2.0544e-03  1.5602e-03  1.1109e-03  7.7224e-04  5.1816e-04  3.4260e-04
  2.2288e-04  1.4594e-04  9.5693e-05  6.5619e-05  4.7076e-05  3.5925e-05
  2.8838e-05  2.4033e-05  2.0399e-05  1.7257e-05  1.4232e-05  1.5783e-05
  2.0409e-05  2.4774e-05  2.4157e-05  2.0343e-05  1.6752e-05  1.2730e-05
  1.2057e-05  1.4651e-05  2.0025e-05  3.1668e-05  5.1025e-05  8.0479e-05
  1.1270e-04
# Last line of file.
