21-JAN-2014 12:02:27.000000
# V5 INTERIM FILE generated by J.J. Remedios and H. Sembhi
# HITRAN code of the gas:
 63
# DN:
1 1 1 1 1 1
# HNO4 profile (VMR-PPMV) for lat -75.0 degrees, month 01:
  3.5720e-14  3.8990e-14  4.2640e-14  4.6670e-14  5.1950e-14  5.8170e-14
  6.5540e-14  7.4650e-14  8.5190e-14  9.8530e-14  1.1380e-13  1.3370e-13
  1.5760e-13  1.8690e-13  2.2200e-13  2.6650e-13  3.1860e-13  3.8540e-13
  4.6530e-13  5.7090e-13  6.9880e-13  8.5000e-13  1.0440e-12  1.2820e-12
  1.5760e-12  1.9370e-12  2.3810e-12  2.9270e-12  3.6830e-12  4.5240e-12
  5.5480e-12  6.8330e-12  8.2880e-12  1.0130e-11  1.2420e-11  1.5060e-11
  1.8270e-11  2.2140e-11  2.6870e-11  3.2340e-11  3.8740e-11  4.7320e-11
  5.6580e-11  6.7860e-11  8.1290e-11  9.7420e-11  1.1690e-10  1.3980e-10
  1.6740e-10  2.0090e-10  2.4060e-10  2.8850e-10  3.4150e-10  4.0670e-10
  4.8770e-10  7.4765e-10  9.8200e-10  1.2950e-09  1.7123e-09  1.8726e-09
  2.4507e-09  3.2074e-09  4.1976e-09  5.4937e-09  7.1898e-09  9.4097e-09
  1.2315e-08  1.6117e-08  2.1093e-08  2.7606e-08  3.6129e-08  5.9278e-08
  9.7258e-08  1.6332e-07  2.8183e-07  4.8633e-07  8.3347e-07  1.3976e-06
  2.3437e-06  3.9299e-06  6.3111e-06  1.0135e-05  1.6277e-05  2.3495e-05
  3.3695e-05  4.8325e-05  6.4154e-05  8.4179e-05  1.1022e-04  1.3411e-04
  1.6318e-04  1.9740e-04  2.3310e-04  2.7527e-04  3.1595e-04  3.5482e-04
  3.9847e-04  4.0767e-04  4.1313e-04  4.0259e-04  3.5672e-04  3.1608e-04
  2.7317e-04  2.2546e-04  1.7234e-04  1.4818e-04  1.2033e-04  1.0145e-04
  9.3173e-05  7.4524e-05  4.9913e-05  3.2287e-05  1.9992e-05  1.0886e-05
  8.9619e-06  7.4658e-06  6.0242e-06  4.5465e-06  2.5056e-06  9.9008e-07
  4.6670e-14
# HNO4 profile (VMR-PPMV) for lat -45.0 degrees, month 01:
  4.5001e-08  4.5001e-08  4.5001e-08  4.5001e-08  4.5001e-08  4.5001e-08
  4.5001e-08  4.5002e-08  4.5002e-08  4.5002e-08  4.5002e-08  4.5002e-08
  4.5003e-08  4.5003e-08  4.5004e-08  4.5004e-08  4.5005e-08  4.5006e-08
  4.5007e-08  4.5008e-08  4.5010e-08  4.5011e-08  4.5013e-08  4.5016e-08
  4.5019e-08  4.5023e-08  4.5027e-08  4.5033e-08  4.5039e-08  4.5047e-08
  4.5057e-08  4.5068e-08  4.5081e-08  4.5096e-08  4.5114e-08  4.5135e-08
  4.5159e-08  4.5188e-08  4.5221e-08  4.5260e-08  4.5305e-08  4.5358e-08
  4.5419e-08  4.5491e-08  4.5573e-08  4.5669e-08  4.6395e-08  4.7498e-08
  4.8642e-08  4.9808e-08  5.1020e-08  5.6803e-08  6.6664e-08  7.9015e-08
  1.0491e-07  8.5410e-08  8.4402e-08  8.1759e-08  7.5293e-08  7.0924e-08
  6.6292e-08  6.1112e-08  5.6572e-08  5.2369e-08  4.8478e-08  4.4876e-08
  4.1542e-08  3.8456e-08  3.5599e-08  3.2954e-08  3.0505e-08  4.7967e-08
  7.3100e-08  1.1140e-07  1.8847e-07  3.3744e-07  6.0416e-07  1.0638e-06
  1.8484e-06  3.2119e-06  5.4990e-06  9.2425e-06  1.5534e-05  2.4683e-05
  3.7050e-05  5.5614e-05  7.9991e-05  1.1091e-04  1.5378e-04  1.9257e-04
  2.3463e-04  2.8507e-04  3.1101e-04  3.3931e-04  3.4984e-04  3.3438e-04
  3.1960e-04  2.8081e-04  2.4239e-04  2.0369e-04  1.6209e-04  1.2899e-04
  1.0633e-04  8.1641e-05  6.6581e-05  6.3983e-05  5.5355e-05  4.6433e-05
  3.7734e-05  2.9675e-05  2.2006e-05  1.4290e-05  9.6805e-06  5.6122e-06
  2.7268e-06  1.0459e-06  4.2976e-07  1.9232e-07  1.2032e-07  7.1209e-08
  4.5001e-08
# HNO4 profile (VMR-PPMV) for lat -10. degrees, month 01:
  2.8390e-20  3.5530e-20  4.5290e-20  5.7730e-20  7.5050e-20  9.8420e-20
  1.3050e-19  1.8020e-19  2.4970e-19  3.5700e-19  5.1450e-19  7.6700e-19
  1.1570e-18  1.7660e-18  2.7010e-18  4.1640e-18  6.5450e-18  1.0290e-17
  1.6190e-17  2.5440e-17  4.1050e-17  6.6260e-17  1.0610e-16  1.7050e-16
  2.7470e-16  4.4280e-16  7.1330e-16  1.1520e-15  1.8580e-15  2.9930e-15
  4.8110e-15  7.7220e-15  1.2380e-14  1.9580e-14  3.0930e-14  4.8760e-14
  7.5970e-14  1.1820e-13  1.8360e-13  2.8430e-13  4.3950e-13  6.8070e-13
  1.0540e-12  1.6300e-12  2.5200e-12  3.8920e-12  6.0120e-12  9.2830e-12
  1.4300e-11  2.1950e-11  3.3560e-11  5.1170e-11  7.7790e-11  1.1730e-10
  1.7630e-10  3.0399e-10  4.3689e-10  6.2345e-10  8.8472e-10  1.2442e-09
  1.7469e-09  2.4500e-09  2.6145e-09  3.6626e-09  5.1307e-09  7.1874e-09
  1.0068e-08  1.4104e-08  1.9758e-08  2.7678e-08  3.8773e-08  6.6739e-08
  9.8917e-08  1.2355e-07  1.5431e-07  2.3599e-07  4.8501e-07  9.9678e-07
  1.8718e-06  3.1347e-06  5.2498e-06  8.6846e-06  1.4167e-05  2.3109e-05
  3.4775e-05  5.0210e-05  7.2496e-05  9.7480e-05  1.2927e-04  1.6599e-04
  1.9046e-04  2.1854e-04  2.2372e-04  2.1155e-04  1.9694e-04  1.6089e-04
  1.3143e-04  9.9175e-05  7.1055e-05  5.0020e-05  3.3200e-05  2.2036e-05
  1.7258e-05  1.3452e-05  1.1353e-05  1.1236e-05  1.2306e-05  1.4419e-05
  2.1484e-05  2.5301e-05  2.6252e-05  2.2191e-05  1.4074e-05  6.8451e-06
  3.1057e-06  1.3372e-06  6.8503e-07  3.5064e-07  2.1875e-07  1.0187e-07
  1.3050e-19
# HNO4 profile (VMR-PPMV) for lat 10. degrees, month 01:
  2.8390e-20  3.5530e-20  4.5290e-20  5.7730e-20  7.5050e-20  9.8420e-20
  1.3050e-19  1.8020e-19  2.4970e-19  3.5700e-19  5.1450e-19  7.6700e-19
  1.1570e-18  1.7660e-18  2.7010e-18  4.1640e-18  6.5450e-18  1.0290e-17
  1.6190e-17  2.5440e-17  4.1050e-17  6.6260e-17  1.0610e-16  1.7050e-16
  2.7470e-16  4.4280e-16  7.1330e-16  1.1520e-15  1.8580e-15  2.9930e-15
  4.8110e-15  7.7220e-15  1.2380e-14  1.9580e-14  3.0930e-14  4.8760e-14
  7.5970e-14  1.1820e-13  1.8360e-13  2.8430e-13  4.3950e-13  6.8070e-13
  1.0540e-12  1.6300e-12  2.5200e-12  3.8920e-12  6.0120e-12  9.2830e-12
  1.4300e-11  2.1950e-11  3.3560e-11  5.1170e-11  7.7790e-11  1.1730e-10
  1.7630e-10  2.9829e-10  4.2539e-10  6.0227e-10  8.4777e-10  1.1829e-09
  1.6478e-09  2.2929e-09  2.4543e-09  3.4110e-09  4.7407e-09  6.5887e-09
  9.1571e-09  1.2727e-08  1.7688e-08  2.4583e-08  3.4166e-08  4.6689e-08
  6.7273e-08  1.0332e-07  1.5869e-07  2.6830e-07  5.2839e-07  1.0406e-06
  1.9239e-06  3.2610e-06  5.5273e-06  9.1593e-06  1.4760e-05  2.3786e-05
  3.5576e-05  5.0981e-05  7.3058e-05  9.7321e-05  1.2754e-04  1.6226e-04
  1.8374e-04  2.0805e-04  2.1204e-04  1.9955e-04  1.8576e-04  1.5318e-04
  1.2632e-04  9.5189e-05  6.7288e-05  4.7083e-05  3.1754e-05  2.1416e-05
  1.6790e-05  1.3126e-05  1.1180e-05  1.1100e-05  1.2262e-05  1.4580e-05
  2.0787e-05  2.3455e-05  2.3728e-05  1.9625e-05  1.2260e-05  5.7482e-06
  2.5274e-06  1.0580e-06  6.0433e-07  3.7783e-07  3.0841e-07  1.8247e-07
  1.3050e-19
# HNO4 profile (VMR-PPMV) for lat 45 degrees, month 01:
  4.5001e-08  4.5001e-08  4.5001e-08  4.5001e-08  4.5001e-08  4.5001e-08
  4.5001e-08  4.5002e-08  4.5002e-08  4.5002e-08  4.5002e-08  4.5002e-08
  4.5003e-08  4.5003e-08  4.5004e-08  4.5004e-08  4.5005e-08  4.5006e-08
  4.5007e-08  4.5008e-08  4.5010e-08  4.5011e-08  4.5013e-08  4.5016e-08
  4.5019e-08  4.5023e-08  4.5027e-08  4.5033e-08  4.5039e-08  4.5047e-08
  4.5057e-08  4.5068e-08  4.5081e-08  4.5096e-08  4.5114e-08  4.5135e-08
  4.5159e-08  4.5188e-08  4.5221e-08  4.5260e-08  4.5305e-08  4.5358e-08
  4.5419e-08  4.5491e-08  4.5573e-08  4.5669e-08  4.6395e-08  4.7498e-08
  4.8642e-08  4.9808e-08  5.1020e-08  5.6803e-08  6.6664e-08  7.9015e-08
  1.0491e-07  9.6767e-08  1.0148e-07  1.0510e-07  1.0555e-07  1.0722e-07
  1.0847e-07  1.0937e-07  1.1035e-07  1.1146e-07  1.1222e-07  1.1298e-07
  1.1374e-07  1.1451e-07  1.1528e-07  1.1606e-07  1.1684e-07  1.4482e-07
  1.7949e-07  2.4515e-07  3.5857e-07  5.2446e-07  7.7057e-07  1.1351e-06
  1.6722e-06  2.6934e-06  4.4585e-06  7.3804e-06  1.1367e-05  1.7368e-05
  2.6041e-05  3.5963e-05  4.9666e-05  6.6313e-05  8.5051e-05  1.0908e-04
  1.3193e-04  1.5831e-04  1.8515e-04  2.0269e-04  2.2189e-04  2.1867e-04
  2.1000e-04  1.9724e-04  1.7550e-04  1.5616e-04  1.3693e-04  1.1978e-04
  1.0627e-04  9.5458e-05  8.2433e-05  7.9170e-05  7.0677e-05  6.1217e-05
  5.2776e-05  4.5651e-05  3.9320e-05  3.5793e-05  3.1336e-05  2.5257e-05
  1.7973e-05  1.0836e-05  6.3232e-06  3.8850e-06  4.8532e-06  3.5732e-06
  4.5002e-08
# HNO4 profile (VMR-PPMV) for lat 75 degrees, month 01:
  1.9650e-15  2.2260e-15  2.5260e-15  2.8710e-15  3.3410e-15  3.9210e-15
  4.6440e-15  5.5830e-15  6.7320e-15  8.2720e-15  1.0150e-14  1.2750e-14
  1.6090e-14  2.0480e-14  2.6140e-14  3.3850e-14  4.3590e-14  5.7070e-14
  7.4540e-14  9.9580e-14  1.3260e-13  1.7500e-13  2.3400e-13  3.1320e-13
  4.1950e-13  5.6160e-13  7.5270e-13  1.0080e-12  1.3960e-12  1.8670e-12
  2.4940e-12  3.3490e-12  4.4030e-12  5.8510e-12  7.8060e-12  1.0260e-11
  1.3480e-11  1.7700e-11  2.3290e-11  3.0270e-11  3.9090e-11  5.1910e-11
  6.6840e-11  8.6490e-11  1.1170e-10  1.4430e-10  1.8680e-10  2.4070e-10
  3.1060e-10  4.0230e-10  5.1940e-10  6.7160e-10  8.5270e-10  1.0920e-09
  1.4120e-09  3.0242e-09  4.6510e-09  7.1572e-09  1.1009e-08  1.6750e-08
  2.5458e-08  3.8664e-08  5.8686e-08  6.0218e-08  9.1375e-08  1.3865e-07
  2.1039e-07  3.1924e-07  4.8442e-07  7.3506e-07  1.1154e-06  1.2134e-06
  1.1749e-06  1.0700e-06  9.7438e-07  1.0319e-06  1.1408e-06  1.2612e-06
  1.6730e-06  2.2619e-06  3.0795e-06  4.4358e-06  6.3894e-06  9.1939e-06
  1.3197e-05  1.8944e-05  2.5796e-05  3.4116e-05  4.5120e-05  5.5875e-05
  6.9083e-05  8.2008e-05  9.3724e-05  1.0671e-04  1.1410e-04  1.2201e-04
  1.1971e-04  1.1439e-04  1.0703e-04  9.7436e-05  8.9103e-05  8.4176e-05
  7.9522e-05  7.5915e-05  7.2189e-05  6.7593e-05  6.2051e-05  5.5686e-05
  4.7621e-05  3.8367e-05  3.3377e-05  2.9944e-05  2.4414e-05  1.9644e-05
  1.2609e-05  6.9089e-06  3.4362e-06  1.6533e-06  1.9837e-06  1.4326e-06
  5.5830e-15
# HNO4 profile (VMR-PPMV) for lat -75.0 degrees, month 01:
  3.5720e-14  3.8990e-14  4.2640e-14  4.6670e-14  5.1950e-14  5.8170e-14
  6.5540e-14  7.4650e-14  8.5190e-14  9.8530e-14  1.1380e-13  1.3370e-13
  1.5760e-13  1.8690e-13  2.2200e-13  2.6650e-13  3.1860e-13  3.8540e-13
  4.6530e-13  5.7090e-13  6.9880e-13  8.5000e-13  1.0440e-12  1.2820e-12
  1.5760e-12  1.9370e-12  2.3810e-12  2.9270e-12  3.6830e-12  4.5240e-12
  5.5480e-12  6.8330e-12  8.2880e-12  1.0130e-11  1.2420e-11  1.5060e-11
  1.8270e-11  2.2140e-11  2.6870e-11  3.2340e-11  3.8740e-11  4.7320e-11
  5.6580e-11  6.7860e-11  8.1290e-11  9.7420e-11  1.1690e-10  1.3980e-10
  1.6740e-10  2.0090e-10  2.4060e-10  2.8850e-10  3.4150e-10  4.0670e-10
  4.8770e-10  7.9945e-10  1.0824e-09  1.4725e-09  2.0092e-09  2.1809e-09
  2.9426e-09  3.9704e-09  5.3571e-09  7.2282e-09  9.7527e-09  1.3159e-08
  1.7755e-08  2.3956e-08  3.2323e-08  4.3613e-08  5.8845e-08  9.8826e-08
  1.6597e-07  2.8260e-07  4.8907e-07  8.4637e-07  1.4491e-06  2.3983e-06
  3.9694e-06  6.5687e-06  1.0137e-05  1.5643e-05  2.4139e-05  3.3189e-05
  4.5314e-05  6.1869e-05  7.8637e-05  9.8873e-05  1.2411e-04  1.4716e-04
  1.7450e-04  2.0628e-04  2.4078e-04  2.8105e-04  3.2051e-04  3.5905e-04
  4.0222e-04  4.1152e-04  4.1715e-04  4.0660e-04  3.6032e-04  3.1931e-04
  2.7591e-04  2.2761e-04  1.7385e-04  1.4932e-04  1.2105e-04  1.0188e-04
  9.3431e-05  7.4562e-05  4.9958e-05  3.2312e-05  1.9992e-05  1.0886e-05
  8.9619e-06  7.4658e-06  6.0242e-06  4.5465e-06  2.5056e-06  9.9008e-07
  4.6670e-14
# HNO4 profile (VMR-PPMV) for lat -45.0 degrees, month 01:
  4.5001e-08  4.5001e-08  4.5001e-08  4.5001e-08  4.5001e-08  4.5001e-08
  4.5001e-08  4.5002e-08  4.5002e-08  4.5002e-08  4.5002e-08  4.5002e-08
  4.5003e-08  4.5003e-08  4.5004e-08  4.5004e-08  4.5005e-08  4.5006e-08
  4.5007e-08  4.5008e-08  4.5010e-08  4.5011e-08  4.5013e-08  4.5016e-08
  4.5019e-08  4.5023e-08  4.5027e-08  4.5033e-08  4.5039e-08  4.5047e-08
  4.5057e-08  4.5068e-08  4.5081e-08  4.5096e-08  4.5114e-08  4.5135e-08
  4.5159e-08  4.5188e-08  4.5221e-08  4.5260e-08  4.5305e-08  4.5358e-08
  4.5419e-08  4.5491e-08  4.5573e-08  4.5669e-08  4.6395e-08  4.7498e-08
  4.8642e-08  4.9808e-08  5.1020e-08  5.6803e-08  6.6664e-08  7.9015e-08
  1.0491e-07  9.5521e-08  9.9553e-08  1.0240e-07  1.0195e-07  1.0278e-07
  1.0315e-07  1.0380e-07  1.0365e-07  1.0349e-07  1.0333e-07  1.0318e-07
  1.0302e-07  1.0287e-07  1.0271e-07  1.0256e-07  1.0240e-07  1.5040e-07
  2.1185e-07  2.9840e-07  4.7704e-07  8.1688e-07  1.3988e-06  2.3404e-06
  3.8444e-06  6.3150e-06  1.0158e-05  1.5916e-05  2.4938e-05  3.7135e-05
  5.2523e-05  7.4287e-05  1.0124e-04  1.3366e-04  1.7644e-04  2.1446e-04
  2.5496e-04  3.0235e-04  3.2654e-04  3.5266e-04  3.6066e-04  3.4286e-04
  3.2593e-04  2.8497e-04  2.4478e-04  2.0470e-04  1.6206e-04  1.2830e-04
  1.0553e-04  8.0816e-05  6.5765e-05  6.3201e-05  5.4693e-05  4.6022e-05
  3.7489e-05  2.9550e-05  2.1967e-05  1.4288e-05  9.6805e-06  5.6122e-06
  2.7268e-06  1.0459e-06  4.2976e-07  1.9232e-07  1.2032e-07  7.1209e-08
  4.5001e-08
# HNO4 profile (VMR-PPMV) for lat -10. degrees, month 01:
  2.8390e-20  3.5530e-20  4.5290e-20  5.7730e-20  7.5050e-20  9.8420e-20
  1.3050e-19  1.8020e-19  2.4970e-19  3.5700e-19  5.1450e-19  7.6700e-19
  1.1570e-18  1.7660e-18  2.7010e-18  4.1640e-18  6.5450e-18  1.0290e-17
  1.6190e-17  2.5440e-17  4.1050e-17  6.6260e-17  1.0610e-16  1.7050e-16
  2.7470e-16  4.4280e-16  7.1330e-16  1.1520e-15  1.8580e-15  2.9930e-15
  4.8110e-15  7.7220e-15  1.2380e-14  1.9580e-14  3.0930e-14  4.8760e-14
  7.5970e-14  1.1820e-13  1.8360e-13  2.8430e-13  4.3950e-13  6.8070e-13
  1.0540e-12  1.6300e-12  2.5200e-12  3.8920e-12  6.0120e-12  9.2830e-12
  1.4300e-11  2.1950e-11  3.3560e-11  5.1170e-11  7.7790e-11  1.1730e-10
  1.7630e-10  4.2237e-10  6.9128e-10  1.1236e-09  1.8177e-09  2.9081e-09
  4.6460e-09  7.4156e-09  7.3782e-09  1.1767e-08  1.8766e-08  2.9929e-08
  4.7731e-08  7.6122e-08  1.2140e-07  1.9361e-07  3.0878e-07  5.3065e-07
  5.8918e-07  3.9682e-07  2.6727e-07  3.1060e-07  8.0034e-07  2.0623e-06
  4.1523e-06  6.1141e-06  9.0027e-06  1.3555e-05  2.0935e-05  3.2333e-05
  4.6150e-05  6.3261e-05  8.6717e-05  1.1303e-04  1.4589e-04  1.8294e-04
  2.0738e-04  2.3509e-04  2.3768e-04  2.2191e-04  2.0399e-04  1.6468e-04
  1.3294e-04  9.9109e-05  7.0148e-05  4.8880e-05  3.2326e-05  2.1378e-05
  1.6843e-05  1.3185e-05  1.1191e-05  1.1149e-05  1.2249e-05  1.4347e-05
  2.1481e-05  2.5301e-05  2.6252e-05  2.2191e-05  1.4074e-05  6.8451e-06
  3.1057e-06  1.3372e-06  6.8503e-07  3.5064e-07  2.1875e-07  1.0187e-07
  1.3050e-19
# HNO4 profile (VMR-PPMV) for lat 10. degrees, month 01:
  2.8390e-20  3.5530e-20  4.5290e-20  5.7730e-20  7.5050e-20  9.8420e-20
  1.3050e-19  1.8020e-19  2.4970e-19  3.5700e-19  5.1450e-19  7.6700e-19
  1.1570e-18  1.7660e-18  2.7010e-18  4.1640e-18  6.5450e-18  1.0290e-17
  1.6190e-17  2.5440e-17  4.1050e-17  6.6260e-17  1.0610e-16  1.7050e-16
  2.7470e-16  4.4280e-16  7.1330e-16  1.1520e-15  1.8580e-15  2.9930e-15
  4.8110e-15  7.7220e-15  1.2380e-14  1.9580e-14  3.0930e-14  4.8760e-14
  7.5970e-14  1.1820e-13  1.8360e-13  2.8430e-13  4.3950e-13  6.8070e-13
  1.0540e-12  1.6300e-12  2.5200e-12  3.8920e-12  6.0120e-12  9.2830e-12
  1.4300e-11  2.1950e-11  3.3560e-11  5.1170e-11  7.7790e-11  1.1730e-10
  1.7630e-10  3.9678e-10  6.3400e-10  1.0063e-09  1.5898e-09  2.4844e-09
  3.8767e-09  6.0435e-09  6.1067e-09  9.5115e-09  1.4815e-08  2.3075e-08
  3.5940e-08  5.5979e-08  8.7191e-08  1.3580e-07  2.1152e-07  2.5198e-07
  2.7083e-07  2.5716e-07  2.4417e-07  3.2505e-07  7.3981e-07  1.6838e-06
  3.2607e-06  5.0559e-06  7.8395e-06  1.2219e-05  1.9165e-05  3.0062e-05
  4.3652e-05  6.0641e-05  8.4241e-05  1.0948e-04  1.4018e-04  1.7472e-04
  1.9585e-04  2.1954e-04  2.2156e-04  2.0654e-04  1.9044e-04  1.5559e-04
  1.2712e-04  9.4793e-05  6.6257e-05  4.5917e-05  3.0851e-05  2.0729e-05
  1.6338e-05  1.2835e-05  1.1004e-05  1.1007e-05  1.2207e-05  1.4519e-05
  2.0785e-05  2.3455e-05  2.3728e-05  1.9625e-05  1.2260e-05  5.7482e-06
  2.5274e-06  1.0580e-06  6.0433e-07  3.7783e-07  3.0841e-07  1.8247e-07
  1.3050e-19
# HNO4 profile (VMR-PPMV) for lat 45 degrees, month 01:
  4.5001e-08  4.5001e-08  4.5001e-08  4.5001e-08  4.5001e-08  4.5001e-08
  4.5001e-08  4.5002e-08  4.5002e-08  4.5002e-08  4.5002e-08  4.5002e-08
  4.5003e-08  4.5003e-08  4.5004e-08  4.5004e-08  4.5005e-08  4.5006e-08
  4.5007e-08  4.5008e-08  4.5010e-08  4.5011e-08  4.5013e-08  4.5016e-08
  4.5019e-08  4.5023e-08  4.5027e-08  4.5033e-08  4.5039e-08  4.5047e-08
  4.5057e-08  4.5068e-08  4.5081e-08  4.5096e-08  4.5114e-08  4.5135e-08
  4.5159e-08  4.5188e-08  4.5221e-08  4.5260e-08  4.5305e-08  4.5358e-08
  4.5419e-08  4.5491e-08  4.5573e-08  4.5669e-08  4.6395e-08  4.7498e-08
  4.8642e-08  4.9808e-08  5.1020e-08  5.6803e-08  6.6664e-08  7.9015e-08
  1.0491e-07  1.0366e-07  1.1236e-07  1.2070e-07  1.2671e-07  1.3395e-07
  1.4119e-07  1.4847e-07  1.5615e-07  1.6306e-07  1.7125e-07  1.7985e-07
  1.8889e-07  1.9837e-07  2.0833e-07  2.1880e-07  2.2979e-07  2.4065e-07
  2.5203e-07  3.1911e-07  4.6185e-07  6.6845e-07  9.3792e-07  1.2928e-06
  1.7819e-06  2.8288e-06  4.6891e-06  7.7729e-06  1.1881e-05  1.8000e-05
  2.6768e-05  3.6717e-05  5.0364e-05  6.6966e-05  8.5802e-05  1.0994e-04
  1.3301e-04  1.5972e-04  1.8695e-04  2.0492e-04  2.2462e-04  2.2139e-04
  2.1258e-04  1.9953e-04  1.7723e-04  1.5742e-04  1.3777e-04  1.2029e-04
  1.0659e-04  9.5737e-05  8.2658e-05  7.9460e-05  7.1005e-05  6.1576e-05
  5.3141e-05  4.5965e-05  3.9579e-05  3.5870e-05  3.1336e-05  2.5257e-05
  1.7973e-05  1.0836e-05  6.3232e-06  3.8850e-06  4.8532e-06  3.5732e-06
  4.5002e-08
# HNO4 profile (VMR-PPMV) for lat 75 degrees, month 01:
  1.9650e-15  2.2260e-15  2.5260e-15  2.8710e-15  3.3410e-15  3.9210e-15
  4.6440e-15  5.5830e-15  6.7320e-15  8.2720e-15  1.0150e-14  1.2750e-14
  1.6090e-14  2.0480e-14  2.6140e-14  3.3850e-14  4.3590e-14  5.7070e-14
  7.4540e-14  9.9580e-14  1.3260e-13  1.7500e-13  2.3400e-13  3.1320e-13
  4.1950e-13  5.6160e-13  7.5270e-13  1.0080e-12  1.3960e-12  1.8670e-12
  2.4940e-12  3.3490e-12  4.4030e-12  5.8510e-12  7.8060e-12  1.0260e-11
  1.3480e-11  1.7700e-11  2.3290e-11  3.0270e-11  3.9090e-11  5.1910e-11
  6.6840e-11  8.6490e-11  1.1170e-10  1.4430e-10  1.8680e-10  2.4070e-10
  3.1060e-10  4.0230e-10  5.1940e-10  6.7160e-10  8.5270e-10  1.0920e-09
  1.4120e-09  2.9831e-09  4.5622e-09  6.9817e-09  1.0681e-08  1.6162e-08
  2.4432e-08  3.6904e-08  5.5712e-08  5.7343e-08  8.6540e-08  1.3060e-07
  1.9710e-07  2.9746e-07  4.4892e-07  6.7750e-07  1.0225e-06  1.1253e-06
  1.1048e-06  1.0214e-06  9.4422e-07  1.0080e-06  1.1212e-06  1.2471e-06
  1.6752e-06  2.2952e-06  3.1620e-06  4.5542e-06  6.5594e-06  9.4248e-06
  1.3465e-05  1.9238e-05  2.6098e-05  3.4404e-05  4.5353e-05  5.6105e-05
  6.9298e-05  8.2197e-05  9.3882e-05  1.0682e-04  1.1412e-04  1.2191e-04
  1.1949e-04  1.1406e-04  1.0665e-04  9.7062e-05  8.8743e-05  8.3855e-05
  7.9236e-05  7.5681e-05  7.2024e-05  6.7493e-05  6.2002e-05  5.5696e-05
  4.7622e-05  3.8356e-05  3.3367e-05  2.9940e-05  2.4412e-05  1.9644e-05
  1.2609e-05  6.9089e-06  3.4362e-06  1.6533e-06  1.9837e-06  1.4326e-06
  5.5830e-15
# Last line of file.
