21-JAN-2014 12:02:27.000000
# V5 INTERIM FILE generated by J.J. Remedios and H. Sembhi
# HITRAN code of the gas:
 52
# DN:
0 0 0 0 0 0
# F12 profile (VMR-PPMV) for lat -75.0 degrees, month 04:
  2.4883e-16  2.8859e-16  3.3589e-16  3.9111e-16  4.6900e-16  5.6784e-16
  6.9472e-16  8.6578e-16  1.0824e-15  1.3843e-15  1.7672e-15  2.3201e-15
  3.0643e-15  4.0867e-15  5.4688e-15  7.4456e-15  1.0071e-14  1.3894e-14
  1.9111e-14  2.7007e-14  3.8007e-14  5.2932e-14  7.4909e-14  1.0609e-13
  1.5041e-13  2.1306e-13  3.0219e-13  4.2850e-13  6.3184e-13  8.9466e-13
  1.2634e-12  1.7970e-12  2.4908e-12  3.4977e-12  4.9364e-12  6.8424e-12
  9.4819e-12  1.3121e-11  1.8205e-11  2.4900e-11  3.3787e-11  4.7409e-11
  6.4119e-11  8.7201e-11  1.1833e-10  1.6072e-10  2.1867e-10  2.9596e-10
  4.0131e-10  5.4660e-10  7.4173e-10  1.0079e-09  1.3404e-09  1.8012e-09
  2.4489e-09  3.2456e-09  4.2453e-09  5.6755e-09  7.4853e-09  9.8387e-09
  1.2960e-08  1.7021e-08  2.2365e-08  2.9284e-08  3.8064e-08  4.9052e-08
  6.0834e-08  7.2389e-08  8.6153e-08  1.0558e-07  1.3079e-07  1.6200e-07
  2.0020e-07  2.5175e-07  3.1210e-07  3.8602e-07  4.8344e-07  6.0550e-07
  7.4683e-07  9.2072e-07  1.1512e-06  1.5351e-06  1.9733e-06  2.5427e-06
  3.4478e-06  5.0255e-06  7.6006e-06  1.1565e-05  1.7314e-05  2.5006e-05
  3.4735e-05  4.6683e-05  6.0923e-05  7.7407e-05  9.6025e-05  1.1648e-04
  1.3836e-04  1.6149e-04  1.8608e-04  2.1263e-04  2.4160e-04  2.7303e-04
  3.0631e-04  3.4010e-04  3.7259e-04  4.0206e-04  4.2730e-04  4.4774e-04
  4.6373e-04  4.7600e-04  4.8561e-04  4.9370e-04  5.0095e-04  5.0801e-04
  5.1460e-04  5.1984e-04  5.2362e-04  5.2613e-04  5.2709e-04  5.2709e-04
  5.2709e-04
# F12 profile (VMR-PPMV) for lat -45.0 degrees, month 04:
  1.1031e-10  1.1752e-10  1.2574e-10  1.3466e-10  1.4464e-10  1.5650e-10
  1.6930e-10  1.8433e-10  2.0076e-10  2.2013e-10  2.4303e-10  2.6897e-10
  2.9844e-10  3.3355e-10  3.7452e-10  4.2066e-10  4.7396e-10  5.4077e-10
  6.1684e-10  7.0349e-10  8.0176e-10  9.1904e-10  1.0566e-09  1.2163e-09
  1.4042e-09  1.6237e-09  1.8773e-09  2.1732e-09  2.5148e-09  2.9116e-09
  3.3695e-09  3.8873e-09  4.4813e-09  5.1588e-09  5.9231e-09  6.7883e-09
  7.7722e-09  8.8899e-09  1.0141e-08  1.1557e-08  1.3161e-08  1.4957e-08
  1.7000e-08  1.9290e-08  2.1861e-08  2.4772e-08  2.8048e-08  3.1723e-08
  3.5855e-08  4.0469e-08  4.5659e-08  5.1458e-08  5.7939e-08  6.5195e-08
  7.3272e-08  8.2277e-08  9.2268e-08  1.0341e-07  1.1587e-07  1.2950e-07
  1.4476e-07  1.6155e-07  1.8010e-07  2.0064e-07  2.2319e-07  2.4784e-07
  2.7696e-07  3.1688e-07  3.6161e-07  4.1420e-07  4.7913e-07  5.5415e-07
  6.3939e-07  7.3390e-07  8.4250e-07  9.7211e-07  1.1405e-06  1.3384e-06
  1.5873e-06  1.9254e-06  2.3117e-06  2.7391e-06  3.5211e-06  4.5375e-06
  6.1539e-06  8.9706e-06  1.3570e-05  2.0657e-05  3.0861e-05  4.4065e-05
  5.9794e-05  7.7502e-05  9.6494e-05  1.1643e-04  1.3767e-04  1.6060e-04
  1.8572e-04  2.1360e-04  2.4416e-04  2.7680e-04  3.1065e-04  3.4438e-04
  3.7641e-04  4.0542e-04  4.3041e-04  4.5084e-04  4.6685e-04  4.7924e-04
  4.8894e-04  4.9661e-04  5.0311e-04  5.0888e-04  5.1401e-04  5.1859e-04
  5.2245e-04  5.2530e-04  5.2725e-04  5.2837e-04  5.2867e-04  5.2867e-04
  5.2867e-04
# F12 profile (VMR-PPMV) for lat -10. degrees, month 04:
  1.5290e-09  1.6320e-09  1.7517e-09  1.8794e-09  2.0288e-09  2.1950e-09
  2.3827e-09  2.6173e-09  2.8778e-09  3.1930e-09  3.5511e-09  3.9877e-09
  4.4941e-09  5.0821e-09  5.7515e-09  6.5229e-09  7.4397e-09  8.4876e-09
  9.6810e-09  1.1043e-08  1.2691e-08  1.4588e-08  1.6731e-08  1.9205e-08
  2.2060e-08  2.5346e-08  2.9107e-08  3.3473e-08  3.8450e-08  4.4184e-08
  5.0733e-08  5.8214e-08  6.6771e-08  7.6289e-08  8.7146e-08  9.9488e-08
  1.1320e-07  1.2871e-07  1.4632e-07  1.6614e-07  1.8858e-07  2.1417e-07
  2.4319e-07  2.7611e-07  3.1348e-07  3.5569e-07  4.0371e-07  4.5785e-07
  5.1927e-07  5.8825e-07  6.6539e-07  7.5242e-07  8.4992e-07  9.5762e-07
  1.0781e-06  1.2103e-06  1.3581e-06  1.5214e-06  1.7004e-06  1.8984e-06
  2.1152e-06  2.3548e-06  2.6170e-06  2.9069e-06  3.2221e-06  3.5685e-06
  4.1041e-06  4.7561e-06  5.5100e-06  6.3657e-06  7.3466e-06  8.4730e-06
  9.1600e-06  9.6897e-06  1.0254e-05  1.1090e-05  1.2129e-05  1.3270e-05
  1.5075e-05  1.7455e-05  2.0184e-05  2.3881e-05  3.0703e-05  3.9551e-05
  5.2618e-05  7.1989e-05  9.7867e-05  1.3058e-04  1.6997e-04  2.1202e-04
  2.5294e-04  2.9147e-04  3.2632e-04  3.5656e-04  3.8310e-04  4.0690e-04
  4.2792e-04  4.4606e-04  4.6146e-04  4.7459e-04  4.8550e-04  4.9430e-04
  5.0113e-04  5.0611e-04  5.0941e-04  5.1152e-04  5.1312e-04  5.1487e-04
  5.1708e-04  5.1972e-04  5.2250e-04  5.2496e-04  5.2693e-04  5.2829e-04
  5.2907e-04  5.2949e-04  5.2981e-04  5.2994e-04  5.2996e-04  5.2996e-04
  5.2996e-04
# F12 profile (VMR-PPMV) for lat 10. degrees, month 04:
  1.2040e-09  1.2851e-09  1.3793e-09  1.4799e-09  1.5975e-09  1.7284e-09
  1.8762e-09  2.0609e-09  2.2661e-09  2.5143e-09  2.7962e-09  3.1400e-09
  3.5388e-09  4.0018e-09  4.5290e-09  5.1363e-09  5.8583e-09  6.6834e-09
  7.6231e-09  8.6958e-09  9.9930e-09  1.1487e-08  1.3174e-08  1.5122e-08
  1.7371e-08  1.9959e-08  2.2920e-08  2.6358e-08  3.0277e-08  3.4792e-08
  3.9949e-08  4.5840e-08  5.2578e-08  6.0073e-08  6.8622e-08  7.8340e-08
  8.9135e-08  1.0135e-07  1.1522e-07  1.3083e-07  1.4850e-07  1.6864e-07
  1.9150e-07  2.1742e-07  2.4685e-07  2.8008e-07  3.1790e-07  3.6053e-07
  4.0889e-07  4.6321e-07  5.2395e-07  5.9248e-07  6.6926e-07  7.5406e-07
  8.4895e-07  9.5301e-07  1.0694e-06  1.1980e-06  1.3390e-06  1.4948e-06
  1.6656e-06  1.8542e-06  2.0607e-06  2.2890e-06  2.5372e-06  2.8100e-06
  3.2317e-06  3.7451e-06  4.3387e-06  5.0126e-06  5.7850e-06  6.6720e-06
  7.2129e-06  7.6300e-06  8.0746e-06  8.7324e-06  9.5507e-06  1.0449e-05
  1.1870e-05  1.3745e-05  1.5724e-05  1.8102e-05  2.3280e-05  3.0019e-05
  4.0661e-05  5.8046e-05  8.3292e-05  1.1715e-04  1.6015e-04  2.0732e-04
  2.5257e-04  2.9363e-04  3.2896e-04  3.5722e-04  3.8003e-04  4.0015e-04
  4.1816e-04  4.3436e-04  4.4934e-04  4.6367e-04  4.7642e-04  4.8718e-04
  4.9605e-04  5.0248e-04  5.0643e-04  5.0899e-04  5.1068e-04  5.1421e-04
  5.1907e-04  5.2258e-04  5.2597e-04  5.2971e-04  5.3103e-04  5.3074e-04
  5.3168e-04  5.3251e-04  5.3283e-04  5.3283e-04  5.3283e-04  5.3283e-04
  5.3283e-04
# F12 profile (VMR-PPMV) for lat 45 degrees, month 04:
  1.4254e-10  1.5186e-10  1.6248e-10  1.7401e-10  1.8690e-10  2.0222e-10
  2.1876e-10  2.3818e-10  2.5942e-10  2.8445e-10  3.1403e-10  3.4756e-10
  3.8564e-10  4.3100e-10  4.8394e-10  5.4356e-10  6.1244e-10  6.9876e-10
  7.9706e-10  9.0902e-10  1.0360e-09  1.1876e-09  1.3654e-09  1.5717e-09
  1.8144e-09  2.0981e-09  2.4258e-09  2.8081e-09  3.2495e-09  3.7623e-09
  4.3540e-09  5.0230e-09  5.7906e-09  6.6660e-09  7.6536e-09  8.7716e-09
  1.0043e-08  1.1487e-08  1.3104e-08  1.4934e-08  1.7006e-08  1.9327e-08
  2.1967e-08  2.4925e-08  2.8248e-08  3.2010e-08  3.6243e-08  4.0991e-08
  4.6331e-08  5.2293e-08  5.8999e-08  6.6493e-08  7.4867e-08  8.4242e-08
  9.4680e-08  1.0632e-07  1.1923e-07  1.3362e-07  1.4972e-07  1.6733e-07
  1.8705e-07  2.0875e-07  2.3272e-07  2.5927e-07  2.8839e-07  3.2025e-07
  3.5787e-07  4.0945e-07  4.6725e-07  5.3522e-07  6.1911e-07  7.1605e-07
  8.2619e-07  9.4831e-07  1.0886e-06  1.2561e-06  1.4737e-06  1.7294e-06
  2.0511e-06  2.4880e-06  3.0082e-06  3.6992e-06  4.7550e-06  6.1267e-06
  8.3081e-06  1.2132e-05  1.8461e-05  2.8299e-05  4.2377e-05  6.0233e-05
  8.0752e-05  1.0261e-04  1.2429e-04  1.4500e-04  1.6499e-04  1.8468e-04
  2.0468e-04  2.2596e-04  2.4929e-04  2.7470e-04  3.0183e-04  3.2998e-04
  3.5793e-04  3.8417e-04  4.0755e-04  4.2748e-04  4.4388e-04  4.5748e-04
  4.6875e-04  4.7972e-04  4.9182e-04  5.0350e-04  5.1379e-04  5.2252e-04
  5.2822e-04  5.3041e-04  5.3101e-04  5.3091e-04  5.3068e-04  5.3068e-04
  5.3068e-04
# F12 profile (VMR-PPMV) for lat 75 degrees, month 04:
  1.5977e-13  1.7563e-13  1.9351e-13  2.1328e-13  2.3934e-13  2.7043e-13
  3.0758e-13  3.5391e-13  4.0804e-13  4.7729e-13  5.5774e-13  6.6350e-13
  7.9204e-13  9.5181e-13  1.1462e-12  1.3950e-12  1.6921e-12  2.0774e-12
  2.5457e-12  3.1740e-12  3.9470e-12  4.8749e-12  6.0835e-12  7.5943e-12
  9.4866e-12  1.1847e-11  1.4806e-11  1.8495e-11  2.3695e-11  2.9574e-11
  3.6864e-11  4.6143e-11  5.6819e-11  7.0555e-11  8.7891e-11  1.0822e-10
  1.3320e-10  1.6392e-10  2.0207e-10  2.4664e-10  2.9964e-10  3.7191e-10
  4.5085e-10  5.4855e-10  6.6639e-10  8.1005e-10  9.8580e-10  1.1959e-09
  1.4516e-09  1.7676e-09  2.1479e-09  2.6124e-09  3.1324e-09  3.7821e-09
  4.6004e-09  5.5056e-09  6.5330e-09  7.8638e-09  9.3809e-09  1.1167e-08
  1.3308e-08  1.5838e-08  1.8847e-08  2.2259e-08  2.5986e-08  3.0178e-08
  3.4887e-08  3.9961e-08  4.5778e-08  5.3369e-08  6.2560e-08  7.3325e-08
  9.0724e-08  1.1986e-07  1.5574e-07  2.0270e-07  2.7043e-07  3.6045e-07
  4.7301e-07  6.2220e-07  1.3966e-06  3.6321e-06  4.6693e-06  6.0171e-06
  8.1595e-06  1.1894e-05  1.7990e-05  2.7372e-05  4.0948e-05  5.8708e-05
  7.9717e-05  1.0255e-04  1.2520e-04  1.4567e-04  1.6299e-04  1.7718e-04
  1.8918e-04  2.0094e-04  2.1469e-04  2.3204e-04  2.5395e-04  2.8048e-04
  3.1020e-04  3.4079e-04  3.7031e-04  3.9736e-04  4.2095e-04  4.4088e-04
  4.5751e-04  4.7137e-04  4.8349e-04  4.9429e-04  5.0352e-04  5.1188e-04
  5.1919e-04  5.2431e-04  5.2754e-04  5.2967e-04  5.3048e-04  5.3048e-04
  5.3048e-04
# F12 profile (VMR-PPMV) for lat -75.0 degrees, month 04:
  2.4883e-16  2.8859e-16  3.3589e-16  3.9111e-16  4.6900e-16  5.6784e-16
  6.9472e-16  8.6578e-16  1.0824e-15  1.3843e-15  1.7672e-15  2.3201e-15
  3.0643e-15  4.0867e-15  5.4688e-15  7.4456e-15  1.0071e-14  1.3894e-14
  1.9111e-14  2.7007e-14  3.8007e-14  5.2932e-14  7.4909e-14  1.0609e-13
  1.5041e-13  2.1306e-13  3.0219e-13  4.2850e-13  6.3184e-13  8.9466e-13
  1.2634e-12  1.7970e-12  2.4908e-12  3.4977e-12  4.9364e-12  6.8424e-12
  9.4819e-12  1.3121e-11  1.8205e-11  2.4900e-11  3.3787e-11  4.7409e-11
  6.4119e-11  8.7201e-11  1.1833e-10  1.6072e-10  2.1867e-10  2.9596e-10
  4.0131e-10  5.4660e-10  7.4173e-10  1.0079e-09  1.3404e-09  1.8012e-09
  2.4489e-09  3.2456e-09  4.2453e-09  5.6755e-09  7.4853e-09  9.8387e-09
  1.2960e-08  1.7021e-08  2.2365e-08  2.9284e-08  3.8064e-08  4.9052e-08
  6.0834e-08  7.2389e-08  8.6153e-08  1.0558e-07  1.3079e-07  1.6200e-07
  2.0020e-07  2.5175e-07  3.1210e-07  3.8602e-07  4.8344e-07  6.0550e-07
  7.4683e-07  9.2072e-07  1.1512e-06  1.5351e-06  1.9733e-06  2.5427e-06
  3.4478e-06  5.0255e-06  7.6006e-06  1.1565e-05  1.7314e-05  2.5006e-05
  3.4735e-05  4.6683e-05  6.0923e-05  7.7407e-05  9.6025e-05  1.1648e-04
  1.3836e-04  1.6149e-04  1.8608e-04  2.1263e-04  2.4160e-04  2.7303e-04
  3.0631e-04  3.4010e-04  3.7259e-04  4.0206e-04  4.2730e-04  4.4774e-04
  4.6373e-04  4.7600e-04  4.8561e-04  4.9370e-04  5.0095e-04  5.0801e-04
  5.1460e-04  5.1984e-04  5.2362e-04  5.2613e-04  5.2709e-04  5.2709e-04
  5.2709e-04
# F12 profile (VMR-PPMV) for lat -45.0 degrees, month 04:
  1.1031e-10  1.1752e-10  1.2574e-10  1.3466e-10  1.4464e-10  1.5650e-10
  1.6930e-10  1.8433e-10  2.0076e-10  2.2013e-10  2.4303e-10  2.6897e-10
  2.9844e-10  3.3355e-10  3.7452e-10  4.2066e-10  4.7396e-10  5.4077e-10
  6.1684e-10  7.0349e-10  8.0176e-10  9.1904e-10  1.0566e-09  1.2163e-09
  1.4042e-09  1.6237e-09  1.8773e-09  2.1732e-09  2.5148e-09  2.9116e-09
  3.3695e-09  3.8873e-09  4.4813e-09  5.1588e-09  5.9231e-09  6.7883e-09
  7.7722e-09  8.8899e-09  1.0141e-08  1.1557e-08  1.3161e-08  1.4957e-08
  1.7000e-08  1.9290e-08  2.1861e-08  2.4772e-08  2.8048e-08  3.1723e-08
  3.5855e-08  4.0469e-08  4.5659e-08  5.1458e-08  5.7939e-08  6.5195e-08
  7.3272e-08  8.2277e-08  9.2268e-08  1.0341e-07  1.1587e-07  1.2950e-07
  1.4476e-07  1.6155e-07  1.8010e-07  2.0064e-07  2.2319e-07  2.4784e-07
  2.7696e-07  3.1688e-07  3.6161e-07  4.1420e-07  4.7913e-07  5.5415e-07
  6.3939e-07  7.3390e-07  8.4250e-07  9.7211e-07  1.1405e-06  1.3384e-06
  1.5873e-06  1.9254e-06  2.3117e-06  2.7391e-06  3.5211e-06  4.5375e-06
  6.1539e-06  8.9706e-06  1.3570e-05  2.0657e-05  3.0861e-05  4.4065e-05
  5.9794e-05  7.7502e-05  9.6494e-05  1.1643e-04  1.3767e-04  1.6060e-04
  1.8572e-04  2.1360e-04  2.4416e-04  2.7680e-04  3.1065e-04  3.4438e-04
  3.7641e-04  4.0542e-04  4.3041e-04  4.5084e-04  4.6685e-04  4.7924e-04
  4.8894e-04  4.9661e-04  5.0311e-04  5.0888e-04  5.1401e-04  5.1859e-04
  5.2245e-04  5.2530e-04  5.2725e-04  5.2837e-04  5.2867e-04  5.2867e-04
  5.2867e-04
# F12 profile (VMR-PPMV) for lat -10. degrees, month 04:
  1.5290e-09  1.6320e-09  1.7517e-09  1.8794e-09  2.0288e-09  2.1950e-09
  2.3827e-09  2.6173e-09  2.8778e-09  3.1930e-09  3.5511e-09  3.9877e-09
  4.4941e-09  5.0821e-09  5.7515e-09  6.5229e-09  7.4397e-09  8.4876e-09
  9.6810e-09  1.1043e-08  1.2691e-08  1.4588e-08  1.6731e-08  1.9205e-08
  2.2060e-08  2.5346e-08  2.9107e-08  3.3473e-08  3.8450e-08  4.4184e-08
  5.0733e-08  5.8214e-08  6.6771e-08  7.6289e-08  8.7146e-08  9.9488e-08
  1.1320e-07  1.2871e-07  1.4632e-07  1.6614e-07  1.8858e-07  2.1417e-07
  2.4319e-07  2.7611e-07  3.1348e-07  3.5569e-07  4.0371e-07  4.5785e-07
  5.1927e-07  5.8825e-07  6.6539e-07  7.5242e-07  8.4992e-07  9.5762e-07
  1.0781e-06  1.2103e-06  1.3581e-06  1.5214e-06  1.7004e-06  1.8984e-06
  2.1152e-06  2.3548e-06  2.6170e-06  2.9069e-06  3.2221e-06  3.5685e-06
  4.1041e-06  4.7561e-06  5.5100e-06  6.3657e-06  7.3466e-06  8.4730e-06
  9.1600e-06  9.6897e-06  1.0254e-05  1.1090e-05  1.2129e-05  1.3270e-05
  1.5075e-05  1.7455e-05  2.0184e-05  2.3881e-05  3.0703e-05  3.9551e-05
  5.2618e-05  7.1989e-05  9.7867e-05  1.3058e-04  1.6997e-04  2.1202e-04
  2.5294e-04  2.9147e-04  3.2632e-04  3.5656e-04  3.8310e-04  4.0690e-04
  4.2792e-04  4.4606e-04  4.6146e-04  4.7459e-04  4.8550e-04  4.9430e-04
  5.0113e-04  5.0611e-04  5.0941e-04  5.1152e-04  5.1312e-04  5.1487e-04
  5.1708e-04  5.1972e-04  5.2250e-04  5.2496e-04  5.2693e-04  5.2829e-04
  5.2907e-04  5.2949e-04  5.2981e-04  5.2994e-04  5.2996e-04  5.2996e-04
  5.2996e-04
# F12 profile (VMR-PPMV) for lat 10. degrees, month 04:
  1.2040e-09  1.2851e-09  1.3793e-09  1.4799e-09  1.5975e-09  1.7284e-09
  1.8762e-09  2.0609e-09  2.2661e-09  2.5143e-09  2.7962e-09  3.1400e-09
  3.5388e-09  4.0018e-09  4.5290e-09  5.1363e-09  5.8583e-09  6.6834e-09
  7.6231e-09  8.6958e-09  9.9930e-09  1.1487e-08  1.3174e-08  1.5122e-08
  1.7371e-08  1.9959e-08  2.2920e-08  2.6358e-08  3.0277e-08  3.4792e-08
  3.9949e-08  4.5840e-08  5.2578e-08  6.0073e-08  6.8622e-08  7.8340e-08
  8.9135e-08  1.0135e-07  1.1522e-07  1.3083e-07  1.4850e-07  1.6864e-07
  1.9150e-07  2.1742e-07  2.4685e-07  2.8008e-07  3.1790e-07  3.6053e-07
  4.0889e-07  4.6321e-07  5.2395e-07  5.9248e-07  6.6926e-07  7.5406e-07
  8.4895e-07  9.5301e-07  1.0694e-06  1.1980e-06  1.3390e-06  1.4948e-06
  1.6656e-06  1.8542e-06  2.0607e-06  2.2890e-06  2.5372e-06  2.8100e-06
  3.2317e-06  3.7451e-06  4.3387e-06  5.0126e-06  5.7850e-06  6.6720e-06
  7.2129e-06  7.6300e-06  8.0746e-06  8.7324e-06  9.5507e-06  1.0449e-05
  1.1870e-05  1.3745e-05  1.5724e-05  1.8102e-05  2.3280e-05  3.0019e-05
  4.0661e-05  5.8046e-05  8.3292e-05  1.1715e-04  1.6015e-04  2.0732e-04
  2.5257e-04  2.9363e-04  3.2896e-04  3.5722e-04  3.8003e-04  4.0015e-04
  4.1816e-04  4.3436e-04  4.4934e-04  4.6367e-04  4.7642e-04  4.8718e-04
  4.9605e-04  5.0248e-04  5.0643e-04  5.0899e-04  5.1068e-04  5.1421e-04
  5.1907e-04  5.2258e-04  5.2597e-04  5.2971e-04  5.3103e-04  5.3074e-04
  5.3168e-04  5.3251e-04  5.3283e-04  5.3283e-04  5.3283e-04  5.3283e-04
  5.3283e-04
# F12 profile (VMR-PPMV) for lat 45 degrees, month 04:
  1.4254e-10  1.5186e-10  1.6248e-10  1.7401e-10  1.8690e-10  2.0222e-10
  2.1876e-10  2.3818e-10  2.5942e-10  2.8445e-10  3.1403e-10  3.4756e-10
  3.8564e-10  4.3100e-10  4.8394e-10  5.4356e-10  6.1244e-10  6.9876e-10
  7.9706e-10  9.0902e-10  1.0360e-09  1.1876e-09  1.3654e-09  1.5717e-09
  1.8144e-09  2.0981e-09  2.4258e-09  2.8081e-09  3.2495e-09  3.7623e-09
  4.3540e-09  5.0230e-09  5.7906e-09  6.6660e-09  7.6536e-09  8.7716e-09
  1.0043e-08  1.1487e-08  1.3104e-08  1.4934e-08  1.7006e-08  1.9327e-08
  2.1967e-08  2.4925e-08  2.8248e-08  3.2010e-08  3.6243e-08  4.0991e-08
  4.6331e-08  5.2293e-08  5.8999e-08  6.6493e-08  7.4867e-08  8.4242e-08
  9.4680e-08  1.0632e-07  1.1923e-07  1.3362e-07  1.4972e-07  1.6733e-07
  1.8705e-07  2.0875e-07  2.3272e-07  2.5927e-07  2.8839e-07  3.2025e-07
  3.5787e-07  4.0945e-07  4.6725e-07  5.3522e-07  6.1911e-07  7.1605e-07
  8.2619e-07  9.4831e-07  1.0886e-06  1.2561e-06  1.4737e-06  1.7294e-06
  2.0511e-06  2.4880e-06  3.0082e-06  3.6992e-06  4.7550e-06  6.1267e-06
  8.3081e-06  1.2132e-05  1.8461e-05  2.8299e-05  4.2377e-05  6.0233e-05
  8.0752e-05  1.0261e-04  1.2429e-04  1.4500e-04  1.6499e-04  1.8468e-04
  2.0468e-04  2.2596e-04  2.4929e-04  2.7470e-04  3.0183e-04  3.2998e-04
  3.5793e-04  3.8417e-04  4.0755e-04  4.2748e-04  4.4388e-04  4.5748e-04
  4.6875e-04  4.7972e-04  4.9182e-04  5.0350e-04  5.1379e-04  5.2252e-04
  5.2822e-04  5.3041e-04  5.3101e-04  5.3091e-04  5.3068e-04  5.3068e-04
  5.3068e-04
# F12 profile (VMR-PPMV) for lat 75 degrees, month 04:
  1.5977e-13  1.7563e-13  1.9351e-13  2.1328e-13  2.3934e-13  2.7043e-13
  3.0758e-13  3.5391e-13  4.0804e-13  4.7729e-13  5.5774e-13  6.6350e-13
  7.9204e-13  9.5181e-13  1.1462e-12  1.3950e-12  1.6921e-12  2.0774e-12
  2.5457e-12  3.1740e-12  3.9470e-12  4.8749e-12  6.0835e-12  7.5943e-12
  9.4866e-12  1.1847e-11  1.4806e-11  1.8495e-11  2.3695e-11  2.9574e-11
  3.6864e-11  4.6143e-11  5.6819e-11  7.0555e-11  8.7891e-11  1.0822e-10
  1.3320e-10  1.6392e-10  2.0207e-10  2.4664e-10  2.9964e-10  3.7191e-10
  4.5085e-10  5.4855e-10  6.6639e-10  8.1005e-10  9.8580e-10  1.1959e-09
  1.4516e-09  1.7676e-09  2.1479e-09  2.6124e-09  3.1324e-09  3.7821e-09
  4.6004e-09  5.5056e-09  6.5330e-09  7.8638e-09  9.3809e-09  1.1167e-08
  1.3308e-08  1.5838e-08  1.8847e-08  2.2259e-08  2.5986e-08  3.0178e-08
  3.4887e-08  3.9961e-08  4.5778e-08  5.3369e-08  6.2560e-08  7.3325e-08
  9.0724e-08  1.1986e-07  1.5574e-07  2.0270e-07  2.7043e-07  3.6045e-07
  4.7301e-07  6.2220e-07  1.3966e-06  3.6321e-06  4.6693e-06  6.0171e-06
  8.1595e-06  1.1894e-05  1.7990e-05  2.7372e-05  4.0948e-05  5.8708e-05
  7.9717e-05  1.0255e-04  1.2520e-04  1.4567e-04  1.6299e-04  1.7718e-04
  1.8918e-04  2.0094e-04  2.1469e-04  2.3204e-04  2.5395e-04  2.8048e-04
  3.1020e-04  3.4079e-04  3.7031e-04  3.9736e-04  4.2095e-04  4.4088e-04
  4.5751e-04  4.7137e-04  4.8349e-04  4.9429e-04  5.0352e-04  5.1188e-04
  5.1919e-04  5.2431e-04  5.2754e-04  5.2967e-04  5.3048e-04  5.3048e-04
  5.3048e-04
# Last line of file.
