21-JAN-2016 10:58:05.000000
# V5.1 FILE generated by J.J. Remedios and D. Moore
# HITRAN code of the gas:
 49
# DN:
0 0 0 0 0 0
# COCl2 profile (VMR-PPMV) for lat -75.0 degrees, month 10:
  7.9433e-21  1.0000e-20  1.3267e-20  1.6702e-20  2.1026e-20  2.6471e-20
  3.3325e-20  4.1953e-20  5.2816e-20  6.6492e-20  8.3708e-20  1.0538e-19
  1.3267e-19  1.6702e-19  2.1026e-19  2.6471e-19  3.3325e-19  4.1953e-19
  5.2816e-19  6.6492e-19  8.3708e-19  1.0538e-18  1.3267e-18  1.6702e-18
  2.1026e-18  2.6471e-18  3.3325e-18  4.1953e-18  5.2816e-18  6.6492e-18
  8.3708e-18  1.0538e-17  1.3267e-17  1.6702e-17  2.1026e-17  2.6471e-17
  3.3325e-17  4.1953e-17  5.2816e-17  6.6492e-17  8.3708e-17  1.0538e-16
  1.3267e-16  1.6702e-16  2.1026e-16  2.6471e-16  3.3325e-16  4.1953e-16
  5.2816e-16  6.6492e-16  8.3708e-16  1.0538e-15  1.3267e-15  1.6702e-15
  2.1026e-15  2.6471e-15  3.3325e-15  4.1953e-15  5.2816e-15  6.6492e-15
  9.3478e-15  1.4453e-14  2.3862e-14  4.0922e-14  7.1509e-14  1.2496e-13
  2.1836e-13  3.8157e-13  6.6676e-13  1.1651e-12  2.0360e-12  3.5578e-12
  6.2170e-12  1.0864e-11  1.8984e-11  3.3173e-11  5.7968e-11  1.0130e-10
  1.7701e-10  3.0931e-10  5.4051e-10  9.4451e-10  1.6505e-09  2.8841e-09
  5.0398e-09  8.8067e-09  1.5389e-08  2.6892e-08  4.6992e-08  8.2116e-08
  1.4349e-07  2.5074e-07  4.3816e-07  7.6566e-07  1.3379e-06  2.3380e-06
  4.0855e-06  6.1580e-06  8.4727e-06  1.0833e-05  1.3012e-05  1.4584e-05
  1.5873e-05  1.6911e-05  1.7808e-05  1.8558e-05  1.9139e-05  1.9487e-05
  1.9519e-05  1.9233e-05  1.8733e-05  1.8184e-05  1.7738e-05  1.7465e-05
  1.7346e-05  1.7313e-05  1.7308e-05  1.7308e-05  1.7308e-05  1.7308e-05
  1.7308e-05
# COCl2 profile (VMR-PPMV) for lat -45.0 degrees, month 10:
  7.9433e-21  1.0000e-20  1.3267e-20  1.6702e-20  2.1026e-20  2.6471e-20
  3.3325e-20  4.1953e-20  5.2816e-20  6.6492e-20  8.3708e-20  1.0538e-19
  1.3267e-19  1.6702e-19  2.1026e-19  2.6471e-19  3.3325e-19  4.1953e-19
  5.2816e-19  6.6492e-19  8.3708e-19  1.0538e-18  1.3267e-18  1.6702e-18
  2.1026e-18  2.6471e-18  3.3325e-18  4.1953e-18  5.2816e-18  6.6492e-18
  8.3708e-18  1.0538e-17  1.3267e-17  1.6702e-17  2.1026e-17  2.6471e-17
  3.3325e-17  4.1953e-17  5.2816e-17  6.6492e-17  8.3708e-17  1.0538e-16
  1.3267e-16  1.6702e-16  2.1026e-16  2.6471e-16  3.3325e-16  4.1953e-16
  5.2816e-16  6.6492e-16  8.3708e-16  1.0538e-15  1.3267e-15  1.6702e-15
  2.1026e-15  2.6471e-15  3.3325e-15  4.1953e-15  5.2816e-15  6.6492e-15
  9.5633e-15  1.5444e-14  2.6952e-14  4.9054e-14  9.1004e-14  1.6883e-13
  3.1321e-13  5.8105e-13  1.0780e-12  1.9998e-12  3.7100e-12  6.8827e-12
  1.2769e-11  2.3688e-11  4.3946e-11  8.1527e-11  1.5125e-10  2.8059e-10
  5.2054e-10  9.6570e-10  1.7915e-09  3.3236e-09  6.1659e-09  1.1439e-08
  2.1221e-08  3.9369e-08  7.3037e-08  1.3550e-07  2.5137e-07  4.6634e-07
  8.6514e-07  1.6050e-06  2.9775e-06  5.5238e-06  1.0248e-05  1.4334e-05
  1.7973e-05  2.1067e-05  2.3058e-05  2.2824e-05  2.2974e-05  2.3046e-05
  2.2802e-05  2.2276e-05  2.1593e-05  2.0904e-05  2.0302e-05  1.9781e-05
  1.9288e-05  1.8807e-05  1.8355e-05  1.7975e-05  1.7713e-05  1.7578e-05
  1.7532e-05  1.7525e-05  1.7525e-05  1.7525e-05  1.7525e-05  1.7525e-05
  1.7525e-05
# COCl2 profile (VMR-PPMV) for lat -10. degrees, month 10:
  7.9433e-21  1.0000e-20  1.3267e-20  1.6702e-20  2.1026e-20  2.6471e-20
  3.3325e-20  4.1953e-20  5.2816e-20  6.6492e-20  8.3708e-20  1.0538e-19
  1.3267e-19  1.6702e-19  2.1026e-19  2.6471e-19  3.3325e-19  4.1953e-19
  5.2816e-19  6.6492e-19  8.3708e-19  1.0538e-18  1.3267e-18  1.6702e-18
  2.1026e-18  2.6471e-18  3.3325e-18  4.1953e-18  5.2816e-18  6.6492e-18
  8.3708e-18  1.0538e-17  1.3267e-17  1.6702e-17  2.1026e-17  2.6471e-17
  3.3325e-17  4.1953e-17  5.2816e-17  6.6492e-17  8.3708e-17  1.0538e-16
  1.3267e-16  1.6702e-16  2.1026e-16  2.6471e-16  3.3325e-16  4.1953e-16
  5.2816e-16  6.6492e-16  8.3708e-16  1.0538e-15  1.3267e-15  1.6702e-15
  2.1026e-15  2.6471e-15  3.3325e-15  4.1953e-15  5.2816e-15  6.6492e-15
  9.7610e-15  1.6395e-14  3.0054e-14  5.7623e-14  1.1260e-13  2.2001e-13
  4.2991e-13  8.4004e-13  1.6415e-12  3.2074e-12  6.2673e-12  1.2246e-11
  2.3930e-11  4.6759e-11  9.1367e-11  1.7853e-10  3.4885e-10  6.8167e-10
  1.3320e-09  2.6027e-09  5.0857e-09  9.9376e-09  1.9418e-08  3.7943e-08
  7.4142e-08  1.4487e-07  2.8308e-07  5.5315e-07  1.0809e-06  2.1120e-06
  4.1269e-06  8.0640e-06  1.5757e-05  2.3699e-05  3.1341e-05  3.7828e-05
  4.1792e-05  4.1047e-05  3.8949e-05  3.5950e-05  3.2566e-05  2.9283e-05
  2.6499e-05  2.4346e-05  2.2765e-05  2.1663e-05  2.0981e-05  2.0613e-05
  2.0453e-05  2.0398e-05  2.0385e-05  2.0383e-05  2.0383e-05  2.0383e-05
  2.0383e-05  2.0383e-05  2.0383e-05  2.0383e-05  2.0383e-05  2.0383e-05
  2.0383e-05
# COCl2 profile (VMR-PPMV) for lat 10. degrees, month 10:
  7.9433e-21  1.0000e-20  1.3267e-20  1.6702e-20  2.1026e-20  2.6471e-20
  3.3325e-20  4.1953e-20  5.2816e-20  6.6492e-20  8.3708e-20  1.0538e-19
  1.3267e-19  1.6702e-19  2.1026e-19  2.6471e-19  3.3325e-19  4.1953e-19
  5.2816e-19  6.6492e-19  8.3708e-19  1.0538e-18  1.3267e-18  1.6702e-18
  2.1026e-18  2.6471e-18  3.3325e-18  4.1953e-18  5.2816e-18  6.6492e-18
  8.3708e-18  1.0538e-17  1.3267e-17  1.6702e-17  2.1026e-17  2.6471e-17
  3.3325e-17  4.1953e-17  5.2816e-17  6.6492e-17  8.3708e-17  1.0538e-16
  1.3267e-16  1.6702e-16  2.1026e-16  2.6471e-16  3.3325e-16  4.1953e-16
  5.2816e-16  6.6492e-16  8.3708e-16  1.0538e-15  1.3267e-15  1.6702e-15
  2.1026e-15  2.6471e-15  3.3325e-15  4.1953e-15  5.2816e-15  6.6492e-15
  9.7626e-15  1.6403e-14  3.0082e-14  5.7699e-14  1.1279e-13  2.2049e-13
  4.3102e-13  8.4258e-13  1.6471e-12  3.2198e-12  6.2943e-12  1.2304e-11
  2.4053e-11  4.7020e-11  9.1916e-11  1.7968e-10  3.5125e-10  6.8663e-10
  1.3423e-09  2.6239e-09  5.1293e-09  1.0027e-08  1.9601e-08  3.8317e-08
  7.4903e-08  1.4642e-07  2.8624e-07  5.5954e-07  1.0938e-06  2.1382e-06
  4.1799e-06  8.1711e-06  1.5973e-05  2.5091e-05  3.4172e-05  4.1900e-05
  4.6664e-05  4.6509e-05  4.3846e-05  3.9954e-05  3.5785e-05  3.2084e-05
  2.9073e-05  2.6865e-05  2.5339e-05  2.4371e-05  2.3862e-05  2.3632e-05
  2.3521e-05  2.3467e-05  2.3450e-05  2.3450e-05  2.3450e-05  2.3450e-05
  2.3450e-05  2.3450e-05  2.3450e-05  2.3450e-05  2.3450e-05  2.3450e-05
  2.3450e-05
# COCl2 profile (VMR-PPMV) for lat 45 degrees, month 10:
  7.9433e-21  1.0000e-20  1.3267e-20  1.6702e-20  2.1026e-20  2.6471e-20
  3.3325e-20  4.1953e-20  5.2816e-20  6.6492e-20  8.3708e-20  1.0538e-19
  1.3267e-19  1.6702e-19  2.1026e-19  2.6471e-19  3.3325e-19  4.1953e-19
  5.2816e-19  6.6492e-19  8.3708e-19  1.0538e-18  1.3267e-18  1.6702e-18
  2.1026e-18  2.6471e-18  3.3325e-18  4.1953e-18  5.2816e-18  6.6492e-18
  8.3708e-18  1.0538e-17  1.3267e-17  1.6702e-17  2.1026e-17  2.6471e-17
  3.3325e-17  4.1953e-17  5.2816e-17  6.6492e-17  8.3708e-17  1.0538e-16
  1.3267e-16  1.6702e-16  2.1026e-16  2.6471e-16  3.3325e-16  4.1953e-16
  5.2816e-16  6.6492e-16  8.3708e-16  1.0538e-15  1.3267e-15  1.6702e-15
  2.1026e-15  2.6471e-15  3.3325e-15  4.1953e-15  5.2816e-15  6.6492e-15
  9.4782e-15  1.5047e-14  2.5696e-14  4.5698e-14  8.2834e-14  1.5015e-13
  2.7216e-13  4.9332e-13  8.9421e-13  1.6209e-12  2.9380e-12  5.3255e-12
  9.6532e-12  1.7498e-11  3.1717e-11  5.7491e-11  1.0421e-10  1.8889e-10
  3.4239e-10  6.2063e-10  1.1250e-09  2.0391e-09  3.6962e-09  6.6998e-09
  1.2144e-08  2.2013e-08  3.9901e-08  7.2326e-08  1.3110e-07  2.3764e-07
  4.3075e-07  7.8078e-07  1.4153e-06  2.5653e-06  4.6500e-06  8.4287e-06
  1.1965e-05  1.5448e-05  1.8671e-05  2.1015e-05  2.1596e-05  2.2167e-05
  2.2327e-05  2.2043e-05  2.1546e-05  2.0930e-05  2.0285e-05  1.9664e-05
  1.9071e-05  1.8500e-05  1.7995e-05  1.7603e-05  1.7353e-05  1.7236e-05
  1.7204e-05  1.7204e-05  1.7205e-05  1.7205e-05  1.7205e-05  1.7205e-05
  1.7205e-05
# COCl2 profile (VMR-PPMV) for lat 75 degrees, month 10:
  7.9433e-21  1.0000e-20  1.3267e-20  1.6702e-20  2.1026e-20  2.6471e-20
  3.3325e-20  4.1953e-20  5.2816e-20  6.6492e-20  8.3708e-20  1.0538e-19
  1.3267e-19  1.6702e-19  2.1026e-19  2.6471e-19  3.3325e-19  4.1953e-19
  5.2816e-19  6.6492e-19  8.3708e-19  1.0538e-18  1.3267e-18  1.6702e-18
  2.1026e-18  2.6471e-18  3.3325e-18  4.1953e-18  5.2816e-18  6.6492e-18
  8.3708e-18  1.0538e-17  1.3267e-17  1.6702e-17  2.1026e-17  2.6471e-17
  3.3325e-17  4.1953e-17  5.2816e-17  6.6492e-17  8.3708e-17  1.0538e-16
  1.3267e-16  1.6702e-16  2.1026e-16  2.6471e-16  3.3325e-16  4.1953e-16
  5.2816e-16  6.6492e-16  8.3708e-16  1.0538e-15  1.3267e-15  1.6702e-15
  2.1026e-15  2.6471e-15  3.3325e-15  4.1953e-15  5.2816e-15  6.6492e-15
  9.3903e-15  1.4644e-14  2.4448e-14  4.2431e-14  7.5046e-14  1.3273e-13
  2.3476e-13  4.1522e-13  7.3438e-13  1.2989e-12  2.2973e-12  4.0632e-12
  7.1865e-12  1.2711e-11  2.2481e-11  3.9761e-11  7.0325e-11  1.2438e-10
  2.1999e-10  3.8909e-10  6.8818e-10  1.2172e-09  2.1528e-09  3.8076e-09
  6.7344e-09  1.1911e-08  2.1066e-08  3.7260e-08  6.5901e-08  1.1656e-07
  2.0615e-07  3.6461e-07  6.4488e-07  1.1406e-06  2.0173e-06  3.5680e-06
  6.3107e-06  9.2829e-06  1.2419e-05  1.5549e-05  1.8307e-05  2.0006e-05
  2.1377e-05  2.2249e-05  2.2559e-05  2.2369e-05  2.1848e-05  2.1181e-05
  2.0502e-05  1.9883e-05  1.9352e-05  1.8921e-05  1.8600e-05  1.8396e-05
  1.8297e-05  1.8265e-05  1.8259e-05  1.8259e-05  1.8259e-05  1.8259e-05
  1.8259e-05
# COCl2 profile (VMR-PPMV) for lat -75.0 degrees, month 10:
  7.9433e-21  1.0000e-20  1.3267e-20  1.6702e-20  2.1026e-20  2.6471e-20
  3.3325e-20  4.1953e-20  5.2816e-20  6.6492e-20  8.3708e-20  1.0538e-19
  1.3267e-19  1.6702e-19  2.1026e-19  2.6471e-19  3.3325e-19  4.1953e-19
  5.2816e-19  6.6492e-19  8.3708e-19  1.0538e-18  1.3267e-18  1.6702e-18
  2.1026e-18  2.6471e-18  3.3325e-18  4.1953e-18  5.2816e-18  6.6492e-18
  8.3708e-18  1.0538e-17  1.3267e-17  1.6702e-17  2.1026e-17  2.6471e-17
  3.3325e-17  4.1953e-17  5.2816e-17  6.6492e-17  8.3708e-17  1.0538e-16
  1.3267e-16  1.6702e-16  2.1026e-16  2.6471e-16  3.3325e-16  4.1953e-16
  5.2816e-16  6.6492e-16  8.3708e-16  1.0538e-15  1.3267e-15  1.6702e-15
  2.1026e-15  2.6471e-15  3.3325e-15  4.1953e-15  5.2816e-15  6.6492e-15
  9.3478e-15  1.4453e-14  2.3862e-14  4.0922e-14  7.1509e-14  1.2496e-13
  2.1836e-13  3.8157e-13  6.6676e-13  1.1651e-12  2.0360e-12  3.5578e-12
  6.2170e-12  1.0864e-11  1.8984e-11  3.3173e-11  5.7968e-11  1.0130e-10
  1.7701e-10  3.0931e-10  5.4051e-10  9.4451e-10  1.6505e-09  2.8841e-09
  5.0398e-09  8.8067e-09  1.5389e-08  2.6892e-08  4.6992e-08  8.2116e-08
  1.4349e-07  2.5074e-07  4.3816e-07  7.6566e-07  1.3379e-06  2.3380e-06
  4.0855e-06  6.1580e-06  8.4727e-06  1.0833e-05  1.3012e-05  1.4584e-05
  1.5873e-05  1.6911e-05  1.7808e-05  1.8558e-05  1.9139e-05  1.9487e-05
  1.9519e-05  1.9233e-05  1.8733e-05  1.8184e-05  1.7738e-05  1.7465e-05
  1.7346e-05  1.7313e-05  1.7308e-05  1.7308e-05  1.7308e-05  1.7308e-05
  1.7308e-05
# COCl2 profile (VMR-PPMV) for lat -45.0 degrees, month 10:
  7.9433e-21  1.0000e-20  1.3267e-20  1.6702e-20  2.1026e-20  2.6471e-20
  3.3325e-20  4.1953e-20  5.2816e-20  6.6492e-20  8.3708e-20  1.0538e-19
  1.3267e-19  1.6702e-19  2.1026e-19  2.6471e-19  3.3325e-19  4.1953e-19
  5.2816e-19  6.6492e-19  8.3708e-19  1.0538e-18  1.3267e-18  1.6702e-18
  2.1026e-18  2.6471e-18  3.3325e-18  4.1953e-18  5.2816e-18  6.6492e-18
  8.3708e-18  1.0538e-17  1.3267e-17  1.6702e-17  2.1026e-17  2.6471e-17
  3.3325e-17  4.1953e-17  5.2816e-17  6.6492e-17  8.3708e-17  1.0538e-16
  1.3267e-16  1.6702e-16  2.1026e-16  2.6471e-16  3.3325e-16  4.1953e-16
  5.2816e-16  6.6492e-16  8.3708e-16  1.0538e-15  1.3267e-15  1.6702e-15
  2.1026e-15  2.6471e-15  3.3325e-15  4.1953e-15  5.2816e-15  6.6492e-15
  9.5633e-15  1.5444e-14  2.6952e-14  4.9054e-14  9.1004e-14  1.6883e-13
  3.1321e-13  5.8105e-13  1.0780e-12  1.9998e-12  3.7100e-12  6.8827e-12
  1.2769e-11  2.3688e-11  4.3946e-11  8.1527e-11  1.5125e-10  2.8059e-10
  5.2054e-10  9.6570e-10  1.7915e-09  3.3236e-09  6.1659e-09  1.1439e-08
  2.1221e-08  3.9369e-08  7.3037e-08  1.3550e-07  2.5137e-07  4.6634e-07
  8.6514e-07  1.6050e-06  2.9775e-06  5.5238e-06  1.0248e-05  1.4334e-05
  1.7973e-05  2.1067e-05  2.3058e-05  2.2824e-05  2.2974e-05  2.3046e-05
  2.2802e-05  2.2276e-05  2.1593e-05  2.0904e-05  2.0302e-05  1.9781e-05
  1.9288e-05  1.8807e-05  1.8355e-05  1.7975e-05  1.7713e-05  1.7578e-05
  1.7532e-05  1.7525e-05  1.7525e-05  1.7525e-05  1.7525e-05  1.7525e-05
  1.7525e-05
# COCl2 profile (VMR-PPMV) for lat -10. degrees, month 10:
  7.9433e-21  1.0000e-20  1.3267e-20  1.6702e-20  2.1026e-20  2.6471e-20
  3.3325e-20  4.1953e-20  5.2816e-20  6.6492e-20  8.3708e-20  1.0538e-19
  1.3267e-19  1.6702e-19  2.1026e-19  2.6471e-19  3.3325e-19  4.1953e-19
  5.2816e-19  6.6492e-19  8.3708e-19  1.0538e-18  1.3267e-18  1.6702e-18
  2.1026e-18  2.6471e-18  3.3325e-18  4.1953e-18  5.2816e-18  6.6492e-18
  8.3708e-18  1.0538e-17  1.3267e-17  1.6702e-17  2.1026e-17  2.6471e-17
  3.3325e-17  4.1953e-17  5.2816e-17  6.6492e-17  8.3708e-17  1.0538e-16
  1.3267e-16  1.6702e-16  2.1026e-16  2.6471e-16  3.3325e-16  4.1953e-16
  5.2816e-16  6.6492e-16  8.3708e-16  1.0538e-15  1.3267e-15  1.6702e-15
  2.1026e-15  2.6471e-15  3.3325e-15  4.1953e-15  5.2816e-15  6.6492e-15
  9.7610e-15  1.6395e-14  3.0054e-14  5.7623e-14  1.1260e-13  2.2001e-13
  4.2991e-13  8.4004e-13  1.6415e-12  3.2074e-12  6.2673e-12  1.2246e-11
  2.3930e-11  4.6759e-11  9.1367e-11  1.7853e-10  3.4885e-10  6.8167e-10
  1.3320e-09  2.6027e-09  5.0857e-09  9.9376e-09  1.9418e-08  3.7943e-08
  7.4142e-08  1.4487e-07  2.8308e-07  5.5315e-07  1.0809e-06  2.1120e-06
  4.1269e-06  8.0640e-06  1.5757e-05  2.3699e-05  3.1341e-05  3.7828e-05
  4.1792e-05  4.1047e-05  3.8949e-05  3.5950e-05  3.2566e-05  2.9283e-05
  2.6499e-05  2.4346e-05  2.2765e-05  2.1663e-05  2.0981e-05  2.0613e-05
  2.0453e-05  2.0398e-05  2.0385e-05  2.0383e-05  2.0383e-05  2.0383e-05
  2.0383e-05  2.0383e-05  2.0383e-05  2.0383e-05  2.0383e-05  2.0383e-05
  2.0383e-05
# COCl2 profile (VMR-PPMV) for lat 10. degrees, month 10:
  7.9433e-21  1.0000e-20  1.3267e-20  1.6702e-20  2.1026e-20  2.6471e-20
  3.3325e-20  4.1953e-20  5.2816e-20  6.6492e-20  8.3708e-20  1.0538e-19
  1.3267e-19  1.6702e-19  2.1026e-19  2.6471e-19  3.3325e-19  4.1953e-19
  5.2816e-19  6.6492e-19  8.3708e-19  1.0538e-18  1.3267e-18  1.6702e-18
  2.1026e-18  2.6471e-18  3.3325e-18  4.1953e-18  5.2816e-18  6.6492e-18
  8.3708e-18  1.0538e-17  1.3267e-17  1.6702e-17  2.1026e-17  2.6471e-17
  3.3325e-17  4.1953e-17  5.2816e-17  6.6492e-17  8.3708e-17  1.0538e-16
  1.3267e-16  1.6702e-16  2.1026e-16  2.6471e-16  3.3325e-16  4.1953e-16
  5.2816e-16  6.6492e-16  8.3708e-16  1.0538e-15  1.3267e-15  1.6702e-15
  2.1026e-15  2.6471e-15  3.3325e-15  4.1953e-15  5.2816e-15  6.6492e-15
  9.7626e-15  1.6403e-14  3.0082e-14  5.7699e-14  1.1279e-13  2.2049e-13
  4.3102e-13  8.4258e-13  1.6471e-12  3.2198e-12  6.2943e-12  1.2304e-11
  2.4053e-11  4.7020e-11  9.1916e-11  1.7968e-10  3.5125e-10  6.8663e-10
  1.3423e-09  2.6239e-09  5.1293e-09  1.0027e-08  1.9601e-08  3.8317e-08
  7.4903e-08  1.4642e-07  2.8624e-07  5.5954e-07  1.0938e-06  2.1382e-06
  4.1799e-06  8.1711e-06  1.5973e-05  2.5091e-05  3.4172e-05  4.1900e-05
  4.6664e-05  4.6509e-05  4.3846e-05  3.9954e-05  3.5785e-05  3.2084e-05
  2.9073e-05  2.6865e-05  2.5339e-05  2.4371e-05  2.3862e-05  2.3632e-05
  2.3521e-05  2.3467e-05  2.3450e-05  2.3450e-05  2.3450e-05  2.3450e-05
  2.3450e-05  2.3450e-05  2.3450e-05  2.3450e-05  2.3450e-05  2.3450e-05
  2.3450e-05
# COCl2 profile (VMR-PPMV) for lat 45 degrees, month 10:
  7.9433e-21  1.0000e-20  1.3267e-20  1.6702e-20  2.1026e-20  2.6471e-20
  3.3325e-20  4.1953e-20  5.2816e-20  6.6492e-20  8.3708e-20  1.0538e-19
  1.3267e-19  1.6702e-19  2.1026e-19  2.6471e-19  3.3325e-19  4.1953e-19
  5.2816e-19  6.6492e-19  8.3708e-19  1.0538e-18  1.3267e-18  1.6702e-18
  2.1026e-18  2.6471e-18  3.3325e-18  4.1953e-18  5.2816e-18  6.6492e-18
  8.3708e-18  1.0538e-17  1.3267e-17  1.6702e-17  2.1026e-17  2.6471e-17
  3.3325e-17  4.1953e-17  5.2816e-17  6.6492e-17  8.3708e-17  1.0538e-16
  1.3267e-16  1.6702e-16  2.1026e-16  2.6471e-16  3.3325e-16  4.1953e-16
  5.2816e-16  6.6492e-16  8.3708e-16  1.0538e-15  1.3267e-15  1.6702e-15
  2.1026e-15  2.6471e-15  3.3325e-15  4.1953e-15  5.2816e-15  6.6492e-15
  9.4782e-15  1.5047e-14  2.5696e-14  4.5698e-14  8.2834e-14  1.5015e-13
  2.7216e-13  4.9332e-13  8.9421e-13  1.6209e-12  2.9380e-12  5.3255e-12
  9.6532e-12  1.7498e-11  3.1717e-11  5.7491e-11  1.0421e-10  1.8889e-10
  3.4239e-10  6.2063e-10  1.1250e-09  2.0391e-09  3.6962e-09  6.6998e-09
  1.2144e-08  2.2013e-08  3.9901e-08  7.2326e-08  1.3110e-07  2.3764e-07
  4.3075e-07  7.8078e-07  1.4153e-06  2.5653e-06  4.6500e-06  8.4287e-06
  1.1965e-05  1.5448e-05  1.8671e-05  2.1015e-05  2.1596e-05  2.2167e-05
  2.2327e-05  2.2043e-05  2.1546e-05  2.0930e-05  2.0285e-05  1.9664e-05
  1.9071e-05  1.8500e-05  1.7995e-05  1.7603e-05  1.7353e-05  1.7236e-05
  1.7204e-05  1.7204e-05  1.7205e-05  1.7205e-05  1.7205e-05  1.7205e-05
  1.7205e-05
# COCl2 profile (VMR-PPMV) for lat 75 degrees, month 10:
  7.9433e-21  1.0000e-20  1.3267e-20  1.6702e-20  2.1026e-20  2.6471e-20
  3.3325e-20  4.1953e-20  5.2816e-20  6.6492e-20  8.3708e-20  1.0538e-19
  1.3267e-19  1.6702e-19  2.1026e-19  2.6471e-19  3.3325e-19  4.1953e-19
  5.2816e-19  6.6492e-19  8.3708e-19  1.0538e-18  1.3267e-18  1.6702e-18
  2.1026e-18  2.6471e-18  3.3325e-18  4.1953e-18  5.2816e-18  6.6492e-18
  8.3708e-18  1.0538e-17  1.3267e-17  1.6702e-17  2.1026e-17  2.6471e-17
  3.3325e-17  4.1953e-17  5.2816e-17  6.6492e-17  8.3708e-17  1.0538e-16
  1.3267e-16  1.6702e-16  2.1026e-16  2.6471e-16  3.3325e-16  4.1953e-16
  5.2816e-16  6.6492e-16  8.3708e-16  1.0538e-15  1.3267e-15  1.6702e-15
  2.1026e-15  2.6471e-15  3.3325e-15  4.1953e-15  5.2816e-15  6.6492e-15
  9.3903e-15  1.4644e-14  2.4448e-14  4.2431e-14  7.5046e-14  1.3273e-13
  2.3476e-13  4.1522e-13  7.3438e-13  1.2989e-12  2.2973e-12  4.0632e-12
  7.1865e-12  1.2711e-11  2.2481e-11  3.9761e-11  7.0325e-11  1.2438e-10
  2.1999e-10  3.8909e-10  6.8818e-10  1.2172e-09  2.1528e-09  3.8076e-09
  6.7344e-09  1.1911e-08  2.1066e-08  3.7260e-08  6.5901e-08  1.1656e-07
  2.0615e-07  3.6461e-07  6.4488e-07  1.1406e-06  2.0173e-06  3.5680e-06
  6.3107e-06  9.2829e-06  1.2419e-05  1.5549e-05  1.8307e-05  2.0006e-05
  2.1377e-05  2.2249e-05  2.2559e-05  2.2369e-05  2.1848e-05  2.1181e-05
  2.0502e-05  1.9883e-05  1.9352e-05  1.8921e-05  1.8600e-05  1.8396e-05
  1.8297e-05  1.8265e-05  1.8259e-05  1.8259e-05  1.8259e-05  1.8259e-05
  1.8259e-05
# Last line of file.
