21-JAN-2014 12:02:35.000000
# V5 INTERIM FILE generated by J.J. Remedios and H. Sembhi
# HITRAN code of the gas:
 10
# DN:
1 1 1 1 1 1
# NO2 profile (VMR-PPMV) for lat -75.0 degrees, month 10:
  1.6000e-02  1.6000e-02  1.6000e-02  1.6000e-02  1.6000e-02  1.6000e-02
  1.6000e-02  1.6000e-02  1.6000e-02  1.6000e-02  1.6000e-02  1.6000e-02
  1.6000e-02  1.6000e-02  1.6000e-02  1.6000e-02  1.6000e-02  1.6000e-02
  1.6000e-02  1.6097e-02  1.6330e-02  1.6733e-02  1.7243e-02  1.7860e-02
  1.8597e-02  1.9480e-02  2.0533e-02  2.1827e-02  2.3243e-02  2.4803e-02
  2.6513e-02  2.8500e-02  3.0827e-02  3.3523e-02  3.6650e-02  4.0273e-02
  4.4487e-02  4.8660e-02  5.2570e-02  5.2800e-02  4.9885e-02  4.3868e-02
  3.7940e-02  3.2101e-02  2.6353e-02  2.0689e-02  1.5095e-02  9.5568e-03
  5.5656e-03  3.3162e-03  2.7887e-03  2.4782e-03  2.1725e-03  1.8963e-03
  1.6492e-03  1.4286e-03  1.2100e-03  1.0124e-03  8.5153e-04  7.2700e-04
  6.1970e-04  5.2769e-04  4.5875e-04  4.1224e-04  3.7394e-04  3.3896e-04
  3.1007e-04  2.8722e-04  2.6734e-04  2.5277e-04  2.4960e-04  2.5777e-04
  2.7207e-04  3.0214e-04  3.6362e-04  4.5654e-04  5.8952e-04  7.8937e-04
  1.0562e-03  1.3773e-03  1.7558e-03  2.1918e-03  2.6698e-03  3.1239e-03
  3.5577e-03  3.9598e-03  4.2835e-03  4.5254e-03  4.6845e-03  4.6819e-03
  4.5139e-03  4.1776e-03  3.8157e-03  3.4095e-03  2.9777e-03  2.5251e-03
  2.0855e-03  1.6800e-03  1.3553e-03  1.1430e-03  1.0443e-03  9.8873e-04
  9.3575e-04  8.7835e-04  8.1220e-04  7.2678e-04  5.9553e-04  4.5050e-04
  3.1382e-04  2.0301e-04  1.2132e-04  6.6247e-05  3.6428e-05  2.3525e-05
  1.5532e-05  8.4724e-06  4.5205e-06  1.2973e-05  3.5472e-05  7.2046e-05
  1.1270e-04
# NO2 profile (VMR-PPMV) for lat -45.0 degrees, month 10:
  6.0450e-06  6.0450e-06  6.0450e-06  6.0450e-06  6.0450e-06  6.0450e-06
  6.0450e-06  6.0450e-06  6.0450e-06  6.0450e-06  6.0450e-06  6.0450e-06
  6.0450e-06  6.0450e-06  6.0450e-06  6.0450e-06  6.0450e-06  6.0450e-06
  6.0450e-06  6.0450e-06  6.1017e-06  6.3300e-06  6.8483e-06  7.6617e-06
  8.6567e-06  9.7117e-06  1.0768e-05  1.1820e-05  1.2872e-05  1.4018e-05
  1.5370e-05  1.7050e-05  1.8952e-05  2.0953e-05  2.3238e-05  2.6162e-05
  3.0058e-05  3.4605e-05  3.9456e-05  4.2961e-05  4.5127e-05  4.5952e-05
  4.6769e-05  4.7577e-05  4.8374e-05  4.9161e-05  5.1350e-05  5.7612e-05
  6.7912e-05  8.0799e-05  9.3585e-05  1.1262e-04  1.4312e-04  1.8506e-04
  2.3192e-04  2.7847e-04  3.1609e-04  3.4363e-04  3.6110e-04  3.7713e-04
  3.8400e-04  3.8049e-04  3.6666e-04  3.5162e-04  3.3791e-04  3.2556e-04
  3.1451e-04  3.0402e-04  2.9993e-04  3.0219e-04  3.1030e-04  3.1940e-04
  3.4659e-04  3.9190e-04  4.5428e-04  5.6159e-04  7.1859e-04  9.2628e-04
  1.2330e-03  1.6648e-03  2.2220e-03  2.8778e-03  3.6222e-03  4.4564e-03
  5.0816e-03  5.4479e-03  5.5530e-03  5.4467e-03  5.1474e-03  4.6759e-03
  4.2151e-03  3.7482e-03  3.2527e-03  2.7159e-03  2.1645e-03  1.6678e-03
  1.2410e-03  9.3774e-04  7.0800e-04  5.6992e-04  4.8392e-04  4.3645e-04
  4.0880e-04  3.8000e-04  3.4267e-04  2.9241e-04  2.4043e-04  1.9102e-04
  1.5071e-04  1.1749e-04  9.1472e-05  6.9954e-05  5.2536e-05  3.8631e-05
  2.6935e-05  1.6248e-05  9.1395e-06  5.7976e-06  3.4319e-04  1.3549e-03
  3.0405e-03
# NO2 profile (VMR-PPMV) for lat -10. degrees, month 10:
  9.0000e-08  9.0000e-08  9.0000e-08  9.0000e-08  9.0000e-08  9.0000e-08
  9.0000e-08  9.0000e-08  9.0000e-08  9.0000e-08  9.0000e-08  9.0000e-08
  9.0000e-08  9.0000e-08  9.0000e-08  9.0000e-08  9.0000e-08  9.0000e-08
  9.0000e-08  9.0000e-08  9.0000e-08  9.0000e-08  9.0000e-08  9.0000e-08
  9.0000e-08  9.0000e-08  9.0000e-08  9.0000e-08  9.0000e-08  9.0000e-08
  9.0000e-08  9.0000e-08  9.0000e-08  9.0000e-08  9.0230e-08  9.0897e-08
  9.2073e-08  9.3620e-08  9.5427e-08  9.6508e-08  9.6773e-08  9.6126e-08
  9.5479e-08  9.4832e-08  9.4185e-08  9.6931e-08  1.0317e-07  1.1287e-07
  1.2264e-07  1.4290e-07  1.8564e-07  2.5075e-07  3.2726e-07  4.0496e-07
  5.3979e-07  7.3057e-07  9.7473e-07  1.2511e-06  1.7101e-06  2.3476e-06
  3.1262e-06  4.1046e-06  5.5798e-06  7.5470e-06  9.7888e-06  1.8729e-05
  4.0129e-05  7.3922e-05  1.1329e-04  1.6390e-04  2.3468e-04  3.2568e-04
  4.3123e-04  5.4751e-04  6.7488e-04  8.4821e-04  1.1072e-03  1.4519e-03
  1.9239e-03  2.5672e-03  3.3855e-03  4.2354e-03  4.9712e-03  5.5893e-03
  6.0045e-03  6.1277e-03  5.9202e-03  5.4876e-03  4.9448e-03  4.2827e-03
  3.5390e-03  2.7384e-03  1.9922e-03  1.3704e-03  9.3634e-04  6.6449e-04
  5.1443e-04  4.4316e-04  4.1122e-04  3.8897e-04  3.5270e-04  3.0074e-04
  2.3700e-04  1.8232e-04  1.4196e-04  1.1810e-04  1.0118e-04  8.8880e-05
  7.9275e-05  7.1503e-05  6.5086e-05  5.9433e-05  5.3965e-05  4.8617e-05
  4.3412e-05  3.8309e-05  3.6970e-05  4.5990e-05  7.8530e-05  1.4408e-04
  2.3600e-04
# NO2 profile (VMR-PPMV) for lat 10. degrees, month 10:
  9.0000e-08  9.0000e-08  9.0000e-08  9.0000e-08  9.0000e-08  9.0000e-08
  9.0000e-08  9.0000e-08  9.0000e-08  9.0000e-08  9.0000e-08  9.0000e-08
  9.0000e-08  9.0000e-08  9.0000e-08  9.0000e-08  9.0000e-08  9.0000e-08
  9.0000e-08  9.0000e-08  9.0000e-08  9.0000e-08  9.0000e-08  9.0000e-08
  9.0000e-08  9.0000e-08  9.0000e-08  9.0000e-08  9.0000e-08  9.0000e-08
  9.0000e-08  9.0000e-08  9.0000e-08  9.0000e-08  9.0230e-08  9.0897e-08
  9.2073e-08  9.3620e-08  9.5427e-08  9.5378e-08  9.3384e-08  8.9340e-08
  8.5283e-08  8.1210e-08  7.7137e-08  7.8024e-08  8.4448e-08  9.6358e-08
  1.0879e-07  1.2924e-07  1.6932e-07  2.2888e-07  2.9955e-07  3.7091e-07
  4.9764e-07  6.7884e-07  9.1270e-07  1.1781e-06  1.6063e-06  2.1926e-06
  2.9016e-06  3.7929e-06  5.1187e-06  6.8741e-06  8.8585e-06  1.9064e-05
  4.3677e-05  8.2641e-05  1.2760e-04  1.8552e-04  2.6453e-04  3.6473e-04
  4.8408e-04  6.2112e-04  7.7611e-04  9.9585e-04  1.3105e-03  1.7202e-03
  2.2481e-03  2.8971e-03  3.6706e-03  4.4008e-03  5.0222e-03  5.5316e-03
  5.8135e-03  5.8326e-03  5.5263e-03  5.0721e-03  4.4797e-03  3.7843e-03
  3.0248e-03  2.2558e-03  1.5933e-03  1.0601e-03  7.1893e-04  5.0526e-04
  3.9880e-04  3.4324e-04  3.1413e-04  2.9238e-04  2.6477e-04  2.2950e-04
  1.9006e-04  1.5133e-04  1.1954e-04  9.4977e-05  7.7031e-05  6.3049e-05
  5.3267e-05  4.7282e-05  4.3418e-05  4.0178e-05  3.7047e-05  3.3989e-05
  3.1009e-05  2.8088e-05  2.7280e-05  3.1727e-05  6.0177e-05  1.2932e-04
  2.3600e-04
# NO2 profile (VMR-PPMV) for lat 45 degrees, month 10:
  6.0450e-06  6.0450e-06  6.0450e-06  6.0450e-06  6.0450e-06  6.0450e-06
  6.0450e-06  6.0450e-06  6.0450e-06  6.0450e-06  6.0450e-06  6.0450e-06
  6.0450e-06  6.0450e-06  6.0450e-06  6.0450e-06  6.0450e-06  6.0450e-06
  6.0450e-06  6.0450e-06  6.1017e-06  6.3300e-06  6.8483e-06  7.6617e-06
  8.6567e-06  9.7117e-06  1.0768e-05  1.1820e-05  1.2872e-05  1.4018e-05
  1.5370e-05  1.7050e-05  1.8952e-05  2.0953e-05  2.3238e-05  2.6162e-05
  3.0058e-05  3.4605e-05  3.9456e-05  4.5617e-05  5.1058e-05  5.5778e-05
  5.8453e-05  6.1124e-05  6.3790e-05  6.6446e-05  6.9092e-05  7.1727e-05
  7.8943e-05  9.1674e-05  1.0989e-04  1.2898e-04  1.4850e-04  1.6946e-04
  1.9184e-04  2.1508e-04  2.3813e-04  2.5988e-04  2.8023e-04  2.9920e-04
  3.1763e-04  3.3132e-04  3.4027e-04  3.4482e-04  3.4885e-04  3.5086e-04
  3.5086e-04  3.4932e-04  3.5051e-04  3.5967e-04  3.7677e-04  3.9909e-04
  4.3233e-04  4.9394e-04  5.8424e-04  7.1697e-04  9.1833e-04  1.1899e-03
  1.5394e-03  1.9898e-03  2.5397e-03  3.1379e-03  3.6790e-03  4.1658e-03
  4.5573e-03  4.8066e-03  4.9102e-03  4.8634e-03  4.6508e-03  4.2602e-03
  3.7366e-03  3.1803e-03  2.6031e-03  2.0467e-03  1.5466e-03  1.1319e-03
  8.2306e-04  6.0199e-04  4.6052e-04  3.7497e-04  3.3659e-04  3.3083e-04
  3.3412e-04  3.3467e-04  3.2223e-04  2.9481e-04  2.5732e-04  2.1495e-04
  1.7799e-04  1.4785e-04  1.2450e-04  1.0657e-04  9.2019e-05  7.8069e-05
  6.2545e-05  4.5673e-05  3.8254e-05  6.9830e-05  4.4032e-04  1.4405e-03
  3.0405e-03
# NO2 profile (VMR-PPMV) for lat 75 degrees, month 10:
  2.6650e-07  2.8140e-07  2.9703e-07  3.1483e-07  3.3530e-07  3.5917e-07
  3.8657e-07  4.1763e-07  4.5360e-07  4.9407e-07  5.4137e-07  5.9550e-07
  6.5833e-07  7.2943e-07  8.1130e-07  9.0380e-07  1.0106e-06  1.1313e-06
  1.2733e-06  1.4363e-06  1.6220e-06  1.8323e-06  2.0720e-06  2.3473e-06
  2.6593e-06  3.0137e-06  3.4150e-06  3.8910e-06  4.4293e-06  5.0370e-06
  5.7073e-06  6.4480e-06  7.2810e-06  8.2173e-06  9.2690e-06  1.0438e-05
  1.1730e-05  1.3187e-05  1.4797e-05  1.6563e-05  1.8577e-05  2.0479e-05
  2.2212e-05  2.3622e-05  2.5029e-05  2.6438e-05  2.7844e-05  2.9244e-05
  3.0640e-05  3.2031e-05  3.3415e-05  3.5326e-05  3.8306e-05  4.2350e-05
  4.6908e-05  5.1432e-05  5.6194e-05  6.1195e-05  6.6441e-05  7.1639e-05
  7.7480e-05  8.4569e-05  9.2925e-05  1.0185e-04  1.1153e-04  1.2237e-04
  1.3437e-04  1.4672e-04  1.6165e-04  1.7945e-04  2.0016e-04  2.2223e-04
  2.5618e-04  3.0200e-04  3.5894e-04  4.2480e-04  5.2177e-04  6.5006e-04
  8.2212e-04  1.0421e-03  1.3104e-03  1.6065e-03  1.9039e-03  2.2034e-03
  2.4828e-03  2.7399e-03  2.9674e-03  3.1546e-03  3.3039e-03  3.3881e-03
  3.3546e-03  3.1948e-03  2.9096e-03  2.5820e-03  2.2127e-03  1.8394e-03
  1.4809e-03  1.1504e-03  8.6334e-04  6.1313e-04  4.2957e-04  3.0534e-04
  2.3998e-04  2.0770e-04  1.9760e-04  2.0082e-04  2.0223e-04  1.9882e-04
  1.9002e-04  1.7205e-04  1.4470e-04  1.1082e-04  8.2821e-05  6.2416e-05
  4.9053e-05  3.4221e-05  2.3452e-05  1.6449e-05  2.2333e-05  3.7136e-05
  5.8630e-05
# NO2 profile (VMR-PPMV) for lat -75.0 degrees, month 10:
  1.6000e-02  1.6000e-02  1.6000e-02  1.6000e-02  1.6000e-02  1.6000e-02
  1.6000e-02  1.6000e-02  1.6000e-02  1.6000e-02  1.6000e-02  1.6000e-02
  1.6000e-02  1.6000e-02  1.6000e-02  1.6000e-02  1.6000e-02  1.6000e-02
  1.6000e-02  1.6097e-02  1.6330e-02  1.6733e-02  1.7243e-02  1.7860e-02
  1.8597e-02  1.9480e-02  2.0533e-02  2.1827e-02  2.3243e-02  2.4803e-02
  2.6513e-02  2.8500e-02  3.0827e-02  3.3523e-02  3.6650e-02  4.0273e-02
  4.4487e-02  4.8660e-02  5.2570e-02  5.2340e-02  4.8515e-02  4.1142e-02
  3.3880e-02  2.6726e-02  1.9683e-02  1.2889e-02  8.2845e-03  5.8303e-03
  5.3635e-03  4.9019e-03  4.4591e-03  4.0546e-03  3.6876e-03  3.3434e-03
  3.0017e-03  2.7215e-03  2.5128e-03  2.3744e-03  2.2476e-03  2.1959e-03
  2.2249e-03  2.3338e-03  2.4500e-03  2.6103e-03  2.8143e-03  3.0595e-03
  3.3068e-03  3.5866e-03  3.8989e-03  4.2393e-03  4.5773e-03  4.8621e-03
  5.0927e-03  5.2699e-03  5.4556e-03  5.6531e-03  5.8624e-03  6.0197e-03
  6.1214e-03  6.1674e-03  6.1345e-03  6.0229e-03  5.8320e-03  5.7420e-03
  5.7935e-03  5.9876e-03  6.1403e-03  6.1107e-03  5.8779e-03  5.4275e-03
  4.8572e-03  4.1908e-03  3.5192e-03  2.9346e-03  2.4366e-03  2.1020e-03
  1.8496e-03  1.7300e-03  1.6859e-03  1.7284e-03  1.8078e-03  1.9068e-03
  1.9434e-03  1.8805e-03  1.6639e-03  1.3486e-03  9.6272e-04  6.2151e-04
  3.5005e-04  2.0283e-04  1.2287e-04  9.5546e-05  7.2421e-05  5.2211e-05
  3.4286e-05  1.7943e-05  7.7453e-06  1.2973e-05  3.5472e-05  7.2046e-05
  1.1270e-04
# NO2 profile (VMR-PPMV) for lat -45.0 degrees, month 10:
  6.0450e-06  6.0450e-06  6.0450e-06  6.0450e-06  6.0450e-06  6.0450e-06
  6.0450e-06  6.0450e-06  6.0450e-06  6.0450e-06  6.0450e-06  6.0450e-06
  6.0450e-06  6.0450e-06  6.0450e-06  6.0450e-06  6.0450e-06  6.0450e-06
  6.0450e-06  6.0450e-06  6.1017e-06  6.3300e-06  6.8483e-06  7.6617e-06
  8.6567e-06  9.7117e-06  1.0768e-05  1.1820e-05  1.2872e-05  1.4018e-05
  1.5370e-05  1.7050e-05  1.8952e-05  2.0953e-05  2.3238e-05  2.6162e-05
  3.0058e-05  3.4605e-05  3.9456e-05  4.7879e-05  5.9814e-05  7.5201e-05
  9.0416e-05  1.0547e-04  1.2033e-04  1.3500e-04  1.5473e-04  1.8936e-04
  2.3872e-04  2.9744e-04  3.5570e-04  4.3393e-04  5.5023e-04  7.0448e-04
  8.7576e-04  1.0459e-03  1.2088e-03  1.3637e-03  1.5103e-03  1.6545e-03
  1.8405e-03  2.0766e-03  2.3624e-03  2.6629e-03  3.0570e-03  3.5419e-03
  4.1093e-03  4.6603e-03  5.1634e-03  5.6172e-03  6.0342e-03  6.4409e-03
  6.8031e-03  7.1209e-03  7.4023e-03  7.7717e-03  8.2379e-03  8.8034e-03
  9.4547e-03  1.0212e-02  1.1076e-02  1.1947e-02  1.2787e-02  1.3595e-02
  1.4003e-02  1.3890e-02  1.3247e-02  1.2278e-02  1.1080e-02  9.7881e-03
  8.5907e-03  7.5090e-03  6.4118e-03  5.2945e-03  4.1782e-03  3.1922e-03
  2.3494e-03  1.7563e-03  1.3265e-03  1.0945e-03  9.9756e-04  1.0062e-03
  1.0813e-03  1.1233e-03  1.0997e-03  9.8098e-04  8.2197e-04  6.4730e-04
  5.0200e-04  3.8526e-04  2.9910e-04  2.2958e-04  1.7292e-04  1.2539e-04
  8.3394e-05  4.4241e-05  1.8440e-05  5.7976e-06  3.4319e-04  1.3549e-03
  3.0405e-03
# NO2 profile (VMR-PPMV) for lat -10. degrees, month 10:
  9.0000e-08  9.0000e-08  9.0000e-08  9.0000e-08  9.0000e-08  9.0000e-08
  9.0000e-08  9.0000e-08  9.0000e-08  9.0000e-08  9.0000e-08  9.0000e-08
  9.0000e-08  9.0000e-08  9.0000e-08  9.0000e-08  9.0000e-08  9.0000e-08
  9.0000e-08  9.0000e-08  9.0000e-08  9.0000e-08  9.0000e-08  9.0000e-08
  9.0000e-08  9.0000e-08  9.0000e-08  9.0000e-08  9.0000e-08  9.0000e-08
  9.0000e-08  9.0000e-08  9.0000e-08  9.0000e-08  9.0230e-08  9.0897e-08
  9.2073e-08  9.3620e-08  9.5427e-08  3.1398e-07  7.4922e-07  1.4011e-06
  2.0530e-06  2.7049e-06  3.4572e-06  4.3956e-06  5.5203e-06  6.7287e-06
  7.9329e-06  1.0977e-05  1.5981e-05  2.2936e-05  2.9956e-05  4.1191e-05
  6.3130e-05  9.5557e-05  1.3408e-04  2.4043e-04  4.8396e-04  8.6206e-04
  1.3050e-03  1.7932e-03  2.3403e-03  2.9456e-03  3.5626e-03  4.2889e-03
  5.1222e-03  6.0577e-03  6.9697e-03  7.7181e-03  8.3041e-03  8.7446e-03
  9.1621e-03  9.5571e-03  9.9306e-03  1.0463e-02  1.1176e-02  1.2071e-02
  1.2934e-02  1.3728e-02  1.4456e-02  1.4924e-02  1.5030e-02  1.4770e-02
  1.4093e-02  1.2988e-02  1.1521e-02  1.0001e-02  8.5823e-03  7.1890e-03
  5.8049e-03  4.4025e-03  3.1938e-03  2.2017e-03  1.5855e-03  1.1868e-03
  1.0180e-03  9.4896e-04  9.1522e-04  8.6757e-04  7.6782e-04  6.3618e-04
  4.9850e-04  3.8446e-04  3.0358e-04  2.5034e-04  2.1444e-04  1.8664e-04
  1.6417e-04  1.4513e-04  1.2757e-04  1.1081e-04  9.4603e-05  7.8748e-05
  6.3317e-05  4.8191e-05  4.0249e-05  4.5990e-05  7.8530e-05  1.4408e-04
  2.3600e-04
# NO2 profile (VMR-PPMV) for lat 10. degrees, month 10:
  9.0000e-08  9.0000e-08  9.0000e-08  9.0000e-08  9.0000e-08  9.0000e-08
  9.0000e-08  9.0000e-08  9.0000e-08  9.0000e-08  9.0000e-08  9.0000e-08
  9.0000e-08  9.0000e-08  9.0000e-08  9.0000e-08  9.0000e-08  9.0000e-08
  9.0000e-08  9.0000e-08  9.0000e-08  9.0000e-08  9.0000e-08  9.0000e-08
  9.0000e-08  9.0000e-08  9.0000e-08  9.0000e-08  9.0000e-08  9.0000e-08
  9.0000e-08  9.0000e-08  9.0000e-08  9.0000e-08  9.0230e-08  9.0897e-08
  9.2073e-08  9.3620e-08  9.5427e-08  2.7263e-07  6.2520e-07  1.1541e-06
  1.6846e-06  2.2172e-06  2.7906e-06  3.5639e-06  4.5379e-06  5.6691e-06
  6.7970e-06  9.1998e-06  1.3776e-05  2.0507e-05  2.8084e-05  4.0017e-05
  1.0100e-04  2.1027e-04  3.6302e-04  5.3187e-04  7.8316e-04  1.1143e-03
  1.5069e-03  1.9273e-03  2.4100e-03  2.9539e-03  3.5239e-03  4.2372e-03
  5.1511e-03  6.2669e-03  7.4337e-03  8.4248e-03  9.1820e-03  9.7081e-03
  1.0264e-02  1.0957e-02  1.1788e-02  1.2634e-02  1.3418e-02  1.4140e-02
  1.4782e-02  1.5288e-02  1.5660e-02  1.5860e-02  1.5740e-02  1.5297e-02
  1.4504e-02  1.3314e-02  1.1701e-02  9.7584e-03  7.8823e-03  6.2151e-03
  4.8184e-03  3.6044e-03  2.5685e-03  1.7539e-03  1.2153e-03  8.8845e-04
  7.2498e-04  6.6154e-04  6.4313e-04  6.2735e-04  5.7971e-04  5.0261e-04
  4.0903e-04  3.2102e-04  2.4836e-04  1.9269e-04  1.5151e-04  1.2214e-04
  1.0211e-04  8.8395e-05  7.7713e-05  6.8369e-05  5.9341e-05  5.0524e-05
  4.1933e-05  3.3511e-05  2.9076e-05  3.1727e-05  6.0177e-05  1.2932e-04
  2.3600e-04
# NO2 profile (VMR-PPMV) for lat 45 degrees, month 10:
  6.0450e-06  6.0450e-06  6.0450e-06  6.0450e-06  6.0450e-06  6.0450e-06
  6.0450e-06  6.0450e-06  6.0450e-06  6.0450e-06  6.0450e-06  6.0450e-06
  6.0450e-06  6.0450e-06  6.0450e-06  6.0450e-06  6.0450e-06  6.0450e-06
  6.0450e-06  6.0450e-06  6.1017e-06  6.3300e-06  6.8483e-06  7.6617e-06
  8.6567e-06  9.7117e-06  1.0768e-05  1.1820e-05  1.2872e-05  1.4018e-05
  1.5370e-05  1.7050e-05  1.8952e-05  2.0953e-05  2.3238e-05  2.6162e-05
  3.0058e-05  3.4605e-05  3.9456e-05  4.5617e-05  6.4664e-05  9.6560e-05
  1.3998e-04  1.8333e-04  2.2659e-04  2.6969e-04  3.1263e-04  3.5641e-04
  4.2520e-04  5.1894e-04  6.3645e-04  7.5355e-04  8.7514e-04  1.0069e-03
  1.1486e-03  1.2950e-03  1.4402e-03  1.5986e-03  1.7710e-03  1.9574e-03
  2.1459e-03  2.3931e-03  2.6967e-03  3.0543e-03  3.4300e-03  3.8856e-03
  4.4183e-03  5.0061e-03  5.5893e-03  6.1731e-03  6.7580e-03  7.3440e-03
  7.9311e-03  8.5266e-03  9.1325e-03  9.7509e-03  1.0389e-02  1.1049e-02
  1.1721e-02  1.2321e-02  1.2845e-02  1.3295e-02  1.3570e-02  1.3669e-02
  1.3587e-02  1.3258e-02  1.2680e-02  1.1845e-02  1.0795e-02  9.5252e-03
  8.0261e-03  6.5070e-03  5.0647e-03  3.7723e-03  2.7393e-03  1.9176e-03
  1.3593e-03  9.6131e-04  7.1940e-04  5.6583e-04  4.8595e-04  4.5009e-04
  4.3353e-04  4.1913e-04  3.9343e-04  3.5383e-04  3.0871e-04  2.6462e-04
  2.2322e-04  1.8592e-04  1.5504e-04  1.3082e-04  1.1184e-04  9.3091e-05
  7.2845e-05  5.0773e-05  3.9952e-05  6.9830e-05  4.4032e-04  1.4405e-03
  3.0405e-03
# NO2 profile (VMR-PPMV) for lat 75 degrees, month 10:
  2.6650e-07  2.8140e-07  2.9703e-07  3.1483e-07  3.3530e-07  3.5917e-07
  3.8657e-07  4.1763e-07  4.5360e-07  4.9407e-07  5.4137e-07  5.9550e-07
  6.5833e-07  7.2943e-07  8.1130e-07  9.0380e-07  1.0106e-06  1.1313e-06
  1.2733e-06  1.4363e-06  1.6220e-06  1.8323e-06  2.0720e-06  2.3473e-06
  2.6593e-06  3.0137e-06  3.4150e-06  3.8910e-06  4.4293e-06  5.0370e-06
  5.7073e-06  6.4480e-06  7.2810e-06  8.2173e-06  9.2690e-06  1.0438e-05
  1.1730e-05  1.3187e-05  1.4797e-05  1.6563e-05  1.8577e-05  1.5339e-04
  4.1969e-04  8.1779e-04  1.2154e-03  1.6132e-03  2.0103e-03  2.4059e-03
  2.8001e-03  3.1931e-03  3.4566e-03  3.5225e-03  3.3919e-03  3.1938e-03
  3.0059e-03  2.8519e-03  2.7318e-03  2.6367e-03  2.5421e-03  2.4734e-03
  2.4360e-03  2.4301e-03  2.4300e-03  2.4167e-03  2.3901e-03  2.3504e-03
  2.3342e-03  2.3862e-03  2.5058e-03  2.6695e-03  2.8439e-03  3.0399e-03
  3.2582e-03  3.4875e-03  3.7137e-03  3.9330e-03  4.1468e-03  4.3841e-03
  4.6738e-03  5.0164e-03  5.3801e-03  5.7336e-03  6.0756e-03  6.3895e-03
  6.6557e-03  6.8737e-03  7.0293e-03  7.1217e-03  7.1505e-03  6.9767e-03
  6.5233e-03  5.7402e-03  4.7677e-03  3.7347e-03  2.7146e-03  1.8291e-03
  1.1182e-03  6.2733e-04  3.3447e-04  1.8461e-04  1.1852e-04  7.8430e-05
  5.5024e-05  4.0644e-05  3.0531e-05  2.3708e-05  1.9250e-05  2.1517e-05
  3.2297e-05  4.1275e-05  4.3726e-05  3.8097e-05  3.3004e-05  2.8586e-05
  2.4759e-05  2.0818e-05  1.7527e-05  1.6449e-05  2.2333e-05  3.7136e-05
  5.8630e-05
# Last line of file.
