21-JAN-2014 12:02:09.000000
# V5 INTERIM FILE generated by J.J. Remedios and H. Sembhi
# HITRAN code of the gas:
 18
# DN:
1 1 1 1 1 1
# ClO profile (VMR-PPMV) for lat -75.0 degrees, month 07:
  3.1310e-11  4.6640e-11  6.9480e-11  1.0350e-10  1.5400e-10  2.2900e-10
  3.4010e-10  5.0440e-10  7.4700e-10  1.1040e-09  1.6280e-09  2.3940e-09
  3.5110e-09  5.1320e-09  7.4720e-09  1.0840e-08  1.5640e-08  2.2470e-08
  3.2120e-08  4.5660e-08  6.4540e-08  9.0700e-08  1.2670e-07  1.7600e-07
  2.4310e-07  3.3370e-07  4.5570e-07  6.1880e-07  8.3610e-07  1.1240e-06
  1.5050e-06  2.0050e-06  2.6600e-06  3.5140e-06  4.6230e-06  6.0560e-06
  7.8980e-06  1.0250e-05  1.3230e-05  1.6960e-05  2.1590e-05  2.7260e-05
  3.4080e-05  4.2090e-05  5.1230e-05  6.1847e-05  7.1180e-05  8.0091e-05
  8.8153e-05  9.4959e-05  1.0054e-04  1.0496e-04  1.0841e-04  1.1112e-04
  1.1334e-04  1.1530e-04  1.1711e-04  1.1889e-04  1.2073e-04  1.2263e-04
  1.2462e-04  1.2668e-04  1.2879e-04  1.3093e-04  1.3309e-04  1.3527e-04
  1.3751e-04  1.3985e-04  1.4236e-04  1.4515e-04  1.4828e-04  1.5186e-04
  1.5593e-04  1.6048e-04  1.6544e-04  1.7058e-04  1.7559e-04  1.7994e-04
  1.8306e-04  1.8426e-04  1.8287e-04  1.7840e-04  1.7059e-04  2.0598e-04
  2.4705e-04  2.9274e-04  4.4348e-04  4.3584e-04  4.0773e-04  3.0933e-04
  2.3469e-04  1.3627e-04  6.8026e-05  7.5587e-05  1.6460e-04  2.8741e-04
  3.4296e-04  3.7002e-04  3.3277e-04  2.5598e-04  1.9966e-04  1.4849e-04
  8.8380e-05  7.6960e-05  6.5000e-05  5.3840e-05  4.3850e-05  3.5240e-05
  2.7810e-05  2.1260e-05  1.5630e-05  1.0920e-05  7.1080e-06  4.2420e-06
  2.9490e-06  1.7540e-06  9.8950e-07  5.4570e-07  2.9610e-07  1.6210e-07
  9.8120e-08
# ClO profile (VMR-PPMV) for lat -45.0 degrees, month 07:
  3.0680e-11  4.5500e-11  6.7430e-11  9.9800e-11  1.4740e-10  2.1730e-10
  3.1930e-10  4.6760e-10  6.8190e-10  9.8970e-10  1.4280e-09  2.0480e-09
  2.9150e-09  4.1140e-09  5.7540e-09  7.9650e-09  1.0910e-08  1.4760e-08
  1.9710e-08  2.5990e-08  3.3800e-08  4.3340e-08  5.4800e-08  6.8320e-08
  8.4020e-08  1.0200e-07  1.2220e-07  1.4470e-07  1.6950e-07  1.9650e-07
  2.2580e-07  2.5750e-07  2.9170e-07  3.2850e-07  3.6830e-07  4.1130e-07
  4.5800e-07  5.0890e-07  5.6460e-07  6.2590e-07  6.9360e-07  7.6890e-07
  8.5290e-07  9.4720e-07  1.0530e-06  1.2080e-06  1.3595e-06  1.5394e-06
  1.7581e-06  2.0250e-06  2.3616e-06  2.7930e-06  3.3507e-06  4.0746e-06
  5.0127e-06  6.2207e-06  7.7620e-06  9.7098e-06  1.2150e-05  1.5189e-05
  1.8954e-05  2.3595e-05  2.9290e-05  3.6266e-05  4.4794e-05  5.5178e-05
  6.7730e-05  8.2759e-05  1.0057e-04  1.2136e-04  1.4527e-04  1.7210e-04
  2.0139e-04  2.3241e-04  2.6406e-04  2.9504e-04  3.2383e-04  3.4887e-04
  3.6878e-04  3.9307e-04  4.0779e-04  4.1388e-04  4.8088e-04  4.3654e-04
  3.9630e-04  3.4845e-04  3.0026e-04  2.5978e-04  2.4428e-04  2.2971e-04
  2.1061e-04  1.9022e-04  1.7275e-04  1.5499e-04  1.4255e-04  1.4237e-04
  1.4538e-04  1.4838e-04  1.5043e-04  1.4388e-04  1.3594e-04  1.2486e-04
  1.2100e-04  1.0260e-04  8.3460e-05  6.5270e-05  4.9190e-05  3.5780e-05
  2.5030e-05  1.6580e-05  1.0490e-05  6.3740e-06  3.6950e-06  1.9970e-06
  1.2480e-06  7.4830e-07  4.4940e-07  2.7400e-07  1.7060e-07  1.1260e-07
  8.2930e-08
# ClO profile (VMR-PPMV) for lat -10. degrees, month 07:
  3.0610e-11  4.5380e-11  6.7210e-11  9.9400e-11  1.4670e-10  2.1600e-10
  3.1710e-10  4.6370e-10  6.7510e-10  9.7770e-10  1.4080e-09  2.0120e-09
  2.8550e-09  4.0140e-09  5.5890e-09  7.6970e-09  1.0480e-08  1.4080e-08
  1.8670e-08  2.4410e-08  3.1460e-08  3.9930e-08  4.9940e-08  6.1540e-08
  7.4730e-08  8.9480e-08  1.0570e-07  1.2340e-07  1.4230e-07  1.6250e-07
  1.8380e-07  2.0640e-07  2.3010e-07  2.5510e-07  2.8170e-07  3.1010e-07
  3.4080e-07  3.7400e-07  4.1060e-07  4.5130e-07  4.9700e-07  5.4910e-07
  6.0920e-07  6.7940e-07  7.6260e-07  9.1267e-07  1.0629e-06  1.2572e-06
  1.5120e-06  1.8420e-06  2.2780e-06  2.8530e-06  3.6059e-06  4.5820e-06
  5.8291e-06  7.3990e-06  9.3422e-06  1.1714e-05  1.4578e-05  1.8026e-05
  2.2171e-05  2.7135e-05  3.3058e-05  4.0128e-05  4.8586e-05  5.8694e-05
  7.0675e-05  8.4682e-05  1.0082e-04  1.1917e-04  1.3972e-04  1.6227e-04
  1.8645e-04  2.1176e-04  2.3766e-04  2.6352e-04  2.8861e-04  3.1193e-04
  3.2794e-04  3.3690e-04  3.3851e-04  3.5404e-04  3.3865e-04  3.2393e-04
  2.9766e-04  2.7182e-04  2.4903e-04  2.4080e-04  2.3285e-04  2.1764e-04
  1.9473e-04  1.7423e-04  1.4791e-04  1.2348e-04  1.0198e-04  8.2625e-05
  6.5357e-05  4.7042e-05  3.2558e-05  2.7439e-05  1.9570e-05  1.4019e-05
  5.0720e-06  3.1490e-06  1.9710e-06  1.2090e-06  7.2150e-07  4.3410e-07
  2.6960e-07  1.7740e-07  1.2120e-07  8.4850e-08  6.2420e-08  4.9420e-08
  4.3430e-08  3.9560e-08  3.6750e-08  3.4140e-08  3.1290e-08  2.8110e-08
  2.5830e-08
# ClO profile (VMR-PPMV) for lat 10. degrees, month 07:
  3.0600e-11  4.5370e-11  6.7190e-11  9.9370e-11  1.4670e-10  2.1590e-10
  3.1690e-10  4.6330e-10  6.7450e-10  9.7670e-10  1.4060e-09  2.0090e-09
  2.8500e-09  4.0060e-09  5.5750e-09  7.6750e-09  1.0440e-08  1.4020e-08
  1.8590e-08  2.4280e-08  3.1260e-08  3.9660e-08  4.9550e-08  6.0990e-08
  7.3990e-08  8.8490e-08  1.0440e-07  1.2170e-07  1.4020e-07  1.5990e-07
  1.8060e-07  2.0250e-07  2.2540e-07  2.4960e-07  2.7530e-07  3.0260e-07
  3.3200e-07  3.6400e-07  3.9910e-07  4.3820e-07  4.8210e-07  5.3220e-07
  5.9020e-07  6.5800e-07  7.3850e-07  8.8514e-07  1.0320e-06  1.2224e-06
  1.4724e-06  1.7961e-06  2.2233e-06  2.7852e-06  3.5185e-06  4.4640e-06
  5.6641e-06  7.1614e-06  8.9982e-06  1.1217e-05  1.3857e-05  1.6976e-05
  2.0643e-05  2.4932e-05  2.9932e-05  3.5750e-05  4.2532e-05  5.0443e-05
  5.9641e-05  7.0259e-05  8.2425e-05  9.6228e-05  1.1179e-04  1.2912e-04
  1.4816e-04  1.6877e-04  1.9065e-04  2.1340e-04  2.3640e-04  2.5886e-04
  2.8121e-04  2.9813e-04  3.0920e-04  3.4740e-04  3.3395e-04  3.2102e-04
  2.9564e-04  2.7067e-04  2.5163e-04  2.8095e-04  3.1368e-04  3.0223e-04
  2.4454e-04  1.9787e-04  1.4013e-04  1.0082e-04  8.4246e-05  8.7209e-05
  8.5756e-05  7.1267e-05  5.4430e-05  3.9786e-05  3.0369e-05  2.2587e-05
  8.8450e-06  6.6520e-06  5.1910e-06  4.1740e-06  3.3880e-06  2.6940e-06
  2.0450e-06  1.4550e-06  9.1550e-07  5.4430e-07  3.2380e-07  1.9590e-07
  1.3420e-07  9.4910e-08  7.1880e-08  5.9870e-08  5.3280e-08  4.7410e-08
  4.3180e-08
# ClO profile (VMR-PPMV) for lat 45 degrees, month 07:
  3.0610e-11  4.5380e-11  6.7210e-11  9.9400e-11  1.4670e-10  2.1600e-10
  3.1710e-10  4.6360e-10  6.7500e-10  9.7770e-10  1.4070e-09  2.0120e-09
  2.8540e-09  4.0140e-09  5.5880e-09  7.6960e-09  1.0480e-08  1.4080e-08
  1.8670e-08  2.4410e-08  3.1450e-08  3.9930e-08  4.9940e-08  6.1540e-08
  7.4750e-08  8.9520e-08  1.0580e-07  1.2350e-07  1.4260e-07  1.6290e-07
  1.8440e-07  2.0720e-07  2.3140e-07  2.5700e-07  2.8440e-07  3.1380e-07
  3.4590e-07  3.8110e-07  4.2030e-07  4.6450e-07  5.1520e-07  5.7390e-07
  6.4310e-07  7.2600e-07  8.2720e-07  1.0282e-06  1.2291e-06  1.4943e-06
  1.8474e-06  2.3067e-06  2.9121e-06  3.7023e-06  4.7201e-06  6.0119e-06
  7.6241e-06  9.6009e-06  1.1985e-05  1.4823e-05  1.8177e-05  2.2124e-05
  2.6753e-05  3.2168e-05  3.8484e-05  4.5888e-05  5.4601e-05  6.4852e-05
  7.6873e-05  9.0939e-05  1.0735e-04  1.2642e-04  1.4839e-04  1.7331e-04
  2.0107e-04  2.3138e-04  2.6362e-04  2.9684e-04  3.2984e-04  3.7605e-04
  4.1904e-04  4.5863e-04  5.5335e-04  5.5301e-04  5.5266e-04  5.2414e-04
  4.7576e-04  4.3185e-04  3.8753e-04  3.4569e-04  3.0838e-04  2.7216e-04
  2.4012e-04  2.0797e-04  1.7114e-04  1.4104e-04  1.2280e-04  1.0729e-04
  9.1012e-05  7.4264e-05  5.8419e-05  4.5376e-05  3.5281e-05  2.6994e-05
  1.3800e-05  9.8650e-06  7.0660e-06  5.1130e-06  3.7520e-06  2.7900e-06
  2.1000e-06  1.5720e-06  1.1840e-06  8.9600e-07  6.4390e-07  4.4940e-07
  3.4300e-07  2.5670e-07  1.9140e-07  1.4290e-07  1.1030e-07  9.1860e-08
  8.2420e-08
# ClO profile (VMR-PPMV) for lat 75 degrees, month 07:
  3.0680e-11  4.5510e-11  6.7440e-11  9.9810e-11  1.4750e-10  2.1730e-10
  3.1940e-10  4.6770e-10  6.8220e-10  9.9010e-10  1.4290e-09  2.0490e-09
  2.9170e-09  4.1180e-09  5.7600e-09  7.9750e-09  1.0920e-08  1.4780e-08
  1.9750e-08  2.6060e-08  3.3900e-08  4.3500e-08  5.5040e-08  6.8680e-08
  8.4550e-08  1.0270e-07  1.2330e-07  1.4620e-07  1.7160e-07  1.9950e-07
  2.2990e-07  2.6310e-07  2.9920e-07  3.3860e-07  3.8190e-07  4.2950e-07
  4.8230e-07  5.4140e-07  6.0820e-07  6.8440e-07  7.7220e-07  8.7460e-07
  9.9530e-07  1.1400e-06  1.3160e-06  1.6562e-06  1.9917e-06  2.4257e-06
  2.9888e-06  3.7007e-06  4.6102e-06  5.7587e-06  7.1901e-06  8.9488e-06
  1.1080e-05  1.3627e-05  1.6637e-05  2.0163e-05  2.4294e-05  2.9135e-05
  3.4803e-05  4.1433e-05  4.9190e-05  5.8308e-05  6.9043e-05  8.1663e-05
  9.6366e-05  1.1344e-04  1.3321e-04  1.5592e-04  1.8172e-04  2.1052e-04
  2.4201e-04  2.7568e-04  3.1062e-04  3.4554e-04  3.9208e-04  4.3722e-04
  4.8106e-04  5.6501e-04  5.8121e-04  5.9788e-04  5.9182e-04  4.7873e-04
  3.8726e-04  3.1475e-04  2.6285e-04  2.1951e-04  1.7298e-04  1.2391e-04
  8.8760e-05  6.8810e-05  6.4786e-05  5.9035e-05  5.3624e-05  4.7174e-05
  4.1668e-05  3.8299e-05  3.3705e-05  2.5318e-05  2.0777e-05  1.6558e-05
  9.9730e-06  7.4120e-06  5.4500e-06  3.9750e-06  2.9130e-06  2.1660e-06
  1.6460e-06  1.2670e-06  1.0390e-06  8.7160e-07  6.9630e-07  5.6270e-07
  4.5970e-07  3.6460e-07  2.8330e-07  2.0880e-07  1.4970e-07  1.1630e-07
  9.3170e-08
# ClO profile (VMR-PPMV) for lat -75.0 degrees, month 07:
  3.1360e-11  4.6730e-11  6.9630e-11  1.0370e-10  1.5450e-10  2.2980e-10
  3.4160e-10  5.0720e-10  7.5190e-10  1.1130e-09  1.6430e-09  2.4210e-09
  3.5580e-09  5.2130e-09  7.6130e-09  1.1080e-08  1.6050e-08  2.3150e-08
  3.3250e-08  4.7520e-08  6.7580e-08  9.5590e-08  1.3450e-07  1.8830e-07
  2.6210e-07  3.6310e-07  5.0040e-07  6.8630e-07  9.3690e-07  1.2730e-06
  1.7230e-06  2.3210e-06  3.1150e-06  4.1630e-06  5.5410e-06  7.3430e-06
  9.6880e-06  1.2720e-05  1.6600e-05  2.1520e-05  2.7690e-05  3.5310e-05
  4.4560e-05  5.5530e-05  6.8130e-05  8.2919e-05  9.5828e-05  1.0813e-04
  1.1917e-04  1.2833e-04  1.3566e-04  1.4121e-04  1.4519e-04  1.4792e-04
  1.4976e-04  1.5094e-04  1.5167e-04  1.5210e-04  1.5229e-04  1.5232e-04
  1.5223e-04  1.5206e-04  1.5186e-04  1.5164e-04  1.5147e-04  1.5141e-04
  1.5152e-04  1.5190e-04  1.5263e-04  1.5379e-04  1.5549e-04  1.5776e-04
  1.6063e-04  1.6408e-04  1.6797e-04  1.7206e-04  1.7597e-04  1.7920e-04
  1.8115e-04  1.8117e-04  1.7869e-04  1.7324e-04  1.6464e-04  2.0055e-04
  2.4248e-04  2.8935e-04  4.4348e-04  4.3584e-04  4.0773e-04  3.0933e-04
  2.3469e-04  1.3627e-04  6.7218e-05  7.3585e-05  1.6072e-04  2.8050e-04
  3.3140e-04  3.5173e-04  3.0553e-04  2.2048e-04  1.5934e-04  1.0681e-04
  4.6010e-05  4.2880e-05  3.9070e-05  3.5100e-05  3.1020e-05  2.6880e-05
  2.2630e-05  1.8240e-05  1.3950e-05  1.0010e-05  6.6080e-06  3.9610e-06
  2.7700e-06  1.6380e-06  9.1090e-07  4.9410e-07  2.6310e-07  1.4120e-07
  8.3840e-08
# ClO profile (VMR-PPMV) for lat -45.0 degrees, month 07:
  3.1340e-11  4.6690e-11  6.9560e-11  1.0360e-10  1.5420e-10  2.2940e-10
  3.4090e-10  5.0590e-10  7.4960e-10  1.1090e-09  1.6360e-09  2.4090e-09
  3.5360e-09  5.1750e-09  7.5470e-09  1.0960e-08  1.5860e-08  2.2830e-08
  3.2720e-08  4.6640e-08  6.6130e-08  9.3270e-08  1.3080e-07  1.8240e-07
  2.5300e-07  3.4910e-07  4.7900e-07  6.5390e-07  8.8840e-07  1.2010e-06
  1.6170e-06  2.1680e-06  2.8930e-06  3.8460e-06  5.0920e-06  6.7120e-06
  8.8080e-06  1.1500e-05  1.4930e-05  1.9270e-05  2.4670e-05  3.1320e-05
  3.9370e-05  4.8880e-05  5.9770e-05  7.2549e-05  8.3754e-05  9.4479e-05
  1.0420e-04  1.1239e-04  1.1912e-04  1.2444e-04  1.2855e-04  1.3173e-04
  1.3423e-04  1.3627e-04  1.3801e-04  1.3953e-04  1.4096e-04  1.4237e-04
  1.4391e-04  1.4571e-04  1.4790e-04  1.5069e-04  1.5424e-04  1.5876e-04
  1.6440e-04  1.7126e-04  1.7935e-04  1.8859e-04  1.9873e-04  2.0934e-04
  2.1979e-04  2.2927e-04  2.3681e-04  2.4147e-04  2.4228e-04  2.3852e-04
  2.2987e-04  2.6163e-04  2.9335e-04  3.2710e-04  4.8088e-04  4.3654e-04
  3.9630e-04  3.4845e-04  3.0026e-04  2.5978e-04  2.4428e-04  2.2971e-04
  2.1061e-04  1.9022e-04  1.5457e-04  1.2046e-04  9.2719e-05  7.7615e-05
  6.5849e-05  5.4567e-05  4.3986e-05  3.1952e-05  2.7816e-05  2.4219e-05
  1.6920e-05  1.6800e-05  1.5900e-05  1.4430e-05  1.2550e-05  1.0450e-05
  8.2470e-06  6.0340e-06  4.1340e-06  2.6770e-06  1.6320e-06  9.1130e-07
  5.7620e-07  3.4840e-07  2.1080e-07  1.2990e-07  8.1850e-08  5.4870e-08
  4.0790e-08
# ClO profile (VMR-PPMV) for lat -10. degrees, month 07:
  3.1310e-11  4.6640e-11  6.9470e-11  1.0350e-10  1.5400e-10  2.2890e-10
  3.4000e-10  5.0430e-10  7.4680e-10  1.1040e-09  1.6270e-09  2.3930e-09
  3.5100e-09  5.1290e-09  7.4670e-09  1.0830e-08  1.5630e-08  2.2440e-08
  3.2070e-08  4.5580e-08  6.4410e-08  9.0500e-08  1.2640e-07  1.7550e-07
  2.4230e-07  3.3260e-07  4.5400e-07  6.1630e-07  8.3240e-07  1.1190e-06
  1.4970e-06  1.9940e-06  2.6440e-06  3.4920e-06  4.5930e-06  6.0140e-06
  7.8420e-06  1.0170e-05  1.3130e-05  1.6840e-05  2.1440e-05  2.7070e-05
  3.3840e-05  4.1830e-05  5.0960e-05  6.1664e-05  7.1098e-05  8.0195e-05
  8.8554e-05  9.5775e-05  1.0195e-04  1.0711e-04  1.1143e-04  1.1514e-04
  1.1841e-04  1.2137e-04  1.2407e-04  1.2654e-04  1.2878e-04  1.3088e-04
  1.3296e-04  1.3513e-04  1.3754e-04  1.4033e-04  1.4366e-04  1.4765e-04
  1.5232e-04  1.5756e-04  1.6312e-04  1.6869e-04  1.7384e-04  1.7806e-04
  1.8081e-04  1.8149e-04  1.7962e-04  1.7489e-04  1.6711e-04  1.5626e-04
  1.7963e-04  2.0681e-04  2.3933e-04  3.5404e-04  3.3865e-04  3.2393e-04
  2.9766e-04  2.7182e-04  2.4903e-04  2.4080e-04  2.3285e-04  2.1764e-04
  1.9473e-04  1.7423e-04  1.3422e-04  1.0083e-04  7.4465e-05  5.3684e-05
  3.7630e-05  2.2305e-05  1.1889e-05  1.0272e-05  6.3610e-06  4.0821e-06
  1.2060e-08  1.2340e-08  1.3870e-08  1.6840e-08  2.1040e-08  2.6250e-08
  3.2890e-08  3.8510e-08  3.8070e-08  3.4360e-08  3.1250e-08  2.8980e-08
  2.7890e-08  2.7140e-08  2.6440e-08  2.5530e-08  2.4330e-08  2.2740e-08
  2.1540e-08
# ClO profile (VMR-PPMV) for lat 10. degrees, month 07:
  3.1310e-11  4.6630e-11  6.9460e-11  1.0340e-10  1.5390e-10  2.2890e-10
  3.3990e-10  5.0410e-10  7.4650e-10  1.1030e-09  1.6260e-09  2.3910e-09
  3.5060e-09  5.1230e-09  7.4560e-09  1.0810e-08  1.5590e-08  2.2390e-08
  3.1980e-08  4.5440e-08  6.4180e-08  9.0130e-08  1.2580e-07  1.7460e-07
  2.4090e-07  3.3040e-07  4.5070e-07  6.1130e-07  8.2500e-07  1.1080e-06
  1.4810e-06  1.9710e-06  2.6110e-06  3.4460e-06  4.5280e-06  5.9240e-06
  7.7160e-06  1.0000e-05  1.2900e-05  1.6520e-05  2.1020e-05  2.6520e-05
  3.3130e-05  4.0920e-05  4.9820e-05  6.0241e-05  6.9432e-05  7.8302e-05
  8.6459e-05  9.3512e-05  9.9553e-05  1.0462e-04  1.0885e-04  1.1249e-04
  1.1565e-04  1.1844e-04  1.2090e-04  1.2300e-04  1.2475e-04  1.2618e-04
  1.2736e-04  1.2841e-04  1.2944e-04  1.3057e-04  1.3199e-04  1.3380e-04
  1.3608e-04  1.3881e-04  1.4186e-04  1.4505e-04  1.4814e-04  1.5079e-04
  1.5261e-04  1.5315e-04  1.5195e-04  1.4869e-04  1.4306e-04  1.3491e-04
  1.6161e-04  1.9213e-04  2.2787e-04  3.4740e-04  3.3395e-04  3.2102e-04
  2.9564e-04  2.7067e-04  2.5163e-04  2.8095e-04  3.1368e-04  3.0223e-04
  2.4454e-04  1.9787e-04  1.2511e-04  7.5556e-05  5.3099e-05  5.3902e-05
  5.3200e-05  4.1485e-05  2.8641e-05  1.7629e-05  1.2547e-05  8.4156e-06
  1.7200e-08  2.3900e-08  3.6330e-08  5.9390e-08  1.0150e-07  1.7630e-07
  2.7480e-07  3.1430e-07  2.5850e-07  1.8770e-07  1.3150e-07  9.1900e-08
  7.0040e-08  5.5690e-08  4.7570e-08  4.3460e-08  4.0580e-08  3.7040e-08
  3.4450e-08
# ClO profile (VMR-PPMV) for lat 45 degrees, month 07:
  3.1270e-11  4.6560e-11  6.9340e-11  1.0320e-10  1.5350e-10  2.2810e-10
  3.3860e-10  5.0190e-10  7.4240e-10  1.0960e-09  1.6140e-09  2.3690e-09
  3.4670e-09  5.0560e-09  7.3410e-09  1.0610e-08  1.5260e-08  2.1840e-08
  3.1070e-08  4.3940e-08  6.1760e-08  8.6260e-08  1.1970e-07  1.6510e-07
  2.2610e-07  3.0790e-07  4.1670e-07  5.6080e-07  7.5050e-07  9.9920e-07
  1.3240e-06  1.7460e-06  2.2920e-06  2.9970e-06  3.9020e-06  5.0590e-06
  6.5310e-06  8.3950e-06  1.0730e-05  1.3650e-05  1.7240e-05  2.1620e-05
  2.6870e-05  3.3050e-05  4.0120e-05  4.8691e-05  5.6324e-05  6.3902e-05
  7.1163e-05  7.7793e-05  8.3868e-05  8.9403e-05  9.4473e-05  9.9221e-05
  1.0371e-04  1.0803e-04  1.1219e-04  1.1621e-04  1.2013e-04  1.2403e-04
  1.2802e-04  1.3224e-04  1.3683e-04  1.4201e-04  1.4803e-04  1.5505e-04
  1.6326e-04  1.7272e-04  1.8348e-04  1.9549e-04  2.0857e-04  2.2228e-04
  2.3602e-04  2.4902e-04  2.6036e-04  2.6907e-04  2.7412e-04  3.1602e-04
  3.6167e-04  4.1280e-04  5.5335e-04  5.5301e-04  5.5266e-04  5.2414e-04
  4.7576e-04  4.3185e-04  3.8753e-04  3.4569e-04  3.0838e-04  2.7216e-04
  2.4012e-04  2.0797e-04  1.5415e-04  1.1268e-04  8.7923e-05  6.9693e-05
  5.3620e-05  3.9108e-05  2.6775e-05  1.7276e-05  1.2035e-05  8.1362e-06
  2.2320e-07  1.8610e-07  1.6720e-07  1.5980e-07  1.5910e-07  1.6370e-07
  1.7450e-07  1.8260e-07  1.9830e-07  2.0820e-07  1.9540e-07  1.7270e-07
  1.5470e-07  1.3500e-07  1.1770e-07  1.0060e-07  8.7450e-08  8.2320e-08
  8.2030e-08
# ClO profile (VMR-PPMV) for lat 75 degrees, month 07:
  3.0690e-11  4.5530e-11  6.7490e-11  9.9900e-11  1.4760e-10  2.1760e-10
  3.1990e-10  4.6860e-10  6.8370e-10  9.9280e-10  1.4340e-09  2.0570e-09
  2.9300e-09  4.1400e-09  5.7970e-09  8.0360e-09  1.1020e-08  1.4940e-08
  1.9990e-08  2.6420e-08  3.4440e-08  4.4300e-08  5.6190e-08  7.0300e-08
  8.6790e-08  1.0580e-07  1.2730e-07  1.5150e-07  1.7850e-07  2.0820e-07
  2.4090e-07  2.7670e-07  3.1600e-07  3.5910e-07  4.0650e-07  4.5910e-07
  5.1760e-07  5.8340e-07  6.5790e-07  7.4310e-07  8.4160e-07  9.5650e-07
  1.0920e-06  1.2550e-06  1.4530e-06  1.8339e-06  2.2090e-06  2.6923e-06
  3.3164e-06  4.1012e-06  5.0981e-06  6.3505e-06  7.9057e-06  9.8148e-06
  1.2129e-05  1.4906e-05  1.8206e-05  2.2104e-05  2.6721e-05  3.2190e-05
  3.8668e-05  4.6314e-05  5.5325e-05  6.5968e-05  7.8518e-05  9.3240e-05
  1.1029e-04  1.2985e-04  1.5210e-04  1.7712e-04  2.0482e-04  2.3481e-04
  2.6648e-04  2.9902e-04  3.3134e-04  3.6218e-04  4.0445e-04  4.4570e-04
  4.8650e-04  5.6501e-04  5.8121e-04  5.9788e-04  5.9182e-04  4.7873e-04
  3.8726e-04  3.1475e-04  2.6285e-04  2.1951e-04  1.7298e-04  1.2391e-04
  8.8760e-05  6.8810e-05  6.0274e-05  5.1461e-05  4.4300e-05  3.7142e-05
  3.1658e-05  2.8807e-05  2.5011e-05  1.7364e-05  1.4027e-05  1.0924e-05
  5.5440e-06  4.0850e-06  2.9870e-06  2.1740e-06  1.5950e-06  1.1900e-06
  9.1380e-07  7.1820e-07  6.2310e-07  5.5850e-07  4.7970e-07  4.1870e-07
  3.6070e-07  3.0290e-07  2.4990e-07  1.9250e-07  1.4450e-07  1.1870e-07
  9.8600e-08
# Last line of file.
