21-JAN-2016 10:58:03.000000
# V5.1 FILE generated by J.J. Remedios and D. Moore
# HITRAN code of the gas:
 49
# DN:
0 0 0 0 0 0
# COCl2 profile (VMR-PPMV) for lat -75.0 degrees, month 01:
  7.9433e-21  1.0000e-20  1.3267e-20  1.6702e-20  2.1026e-20  2.6471e-20
  3.3325e-20  4.1953e-20  5.2816e-20  6.6492e-20  8.3708e-20  1.0538e-19
  1.3267e-19  1.6702e-19  2.1026e-19  2.6471e-19  3.3325e-19  4.1953e-19
  5.2816e-19  6.6492e-19  8.3708e-19  1.0538e-18  1.3267e-18  1.6702e-18
  2.1026e-18  2.6471e-18  3.3325e-18  4.1953e-18  5.2816e-18  6.6492e-18
  8.3708e-18  1.0538e-17  1.3267e-17  1.6702e-17  2.1026e-17  2.6471e-17
  3.3325e-17  4.1953e-17  5.2816e-17  6.6492e-17  8.3708e-17  1.0538e-16
  1.3267e-16  1.6702e-16  2.1026e-16  2.6471e-16  3.3325e-16  4.1953e-16
  5.2816e-16  6.6492e-16  8.3708e-16  1.0538e-15  1.3267e-15  1.6702e-15
  2.1026e-15  2.6471e-15  3.3325e-15  4.1953e-15  5.2816e-15  6.6492e-15
  9.4072e-15  1.4721e-14  2.4685e-14  4.3045e-14  7.6498e-14  1.3595e-13
  2.4160e-13  4.2936e-13  7.6304e-13  1.3560e-12  2.4099e-12  4.2827e-12
  7.6110e-12  1.3526e-11  2.4037e-11  4.2718e-11  7.5916e-11  1.3491e-10
  2.3976e-10  4.2610e-10  7.5723e-10  1.3457e-09  2.3915e-09  4.2501e-09
  7.5531e-09  1.3423e-08  2.3855e-08  4.2393e-08  7.5339e-08  1.3389e-07
  2.3794e-07  4.2286e-07  7.5148e-07  1.3355e-06  2.3734e-06  4.2178e-06
  7.4957e-06  1.0667e-05  1.3820e-05  1.6791e-05  1.9162e-05  2.0127e-05
  2.1004e-05  2.1507e-05  2.1591e-05  2.1356e-05  2.0985e-05  2.0618e-05
  2.0290e-05  1.9973e-05  1.9644e-05  1.9309e-05  1.9005e-05  1.8785e-05
  1.8673e-05  1.8637e-05  1.8631e-05  1.8631e-05  1.8631e-05  1.8631e-05
  1.8631e-05
# COCl2 profile (VMR-PPMV) for lat -45.0 degrees, month 01:
  7.9433e-21  1.0000e-20  1.3267e-20  1.6702e-20  2.1026e-20  2.6471e-20
  3.3325e-20  4.1953e-20  5.2816e-20  6.6492e-20  8.3708e-20  1.0538e-19
  1.3267e-19  1.6702e-19  2.1026e-19  2.6471e-19  3.3325e-19  4.1953e-19
  5.2816e-19  6.6492e-19  8.3708e-19  1.0538e-18  1.3267e-18  1.6702e-18
  2.1026e-18  2.6471e-18  3.3325e-18  4.1953e-18  5.2816e-18  6.6492e-18
  8.3708e-18  1.0538e-17  1.3267e-17  1.6702e-17  2.1026e-17  2.6471e-17
  3.3325e-17  4.1953e-17  5.2816e-17  6.6492e-17  8.3708e-17  1.0538e-16
  1.3267e-16  1.6702e-16  2.1026e-16  2.6471e-16  3.3325e-16  4.1953e-16
  5.2816e-16  6.6492e-16  8.3708e-16  1.0538e-15  1.3267e-15  1.6702e-15
  2.1026e-15  2.6471e-15  3.3325e-15  4.1953e-15  5.2816e-15  6.6492e-15
  9.5759e-15  1.5504e-14  2.7143e-14  4.9568e-14  9.2271e-14  1.7176e-13
  3.1973e-13  5.9518e-13  1.1079e-12  2.0624e-12  3.8391e-12  7.1464e-12
  1.3303e-11  2.4763e-11  4.6097e-11  8.5808e-11  1.5973e-10  2.9734e-10
  5.5349e-10  1.0303e-09  1.9179e-09  3.5702e-09  6.6459e-09  1.2371e-08
  2.3029e-08  4.2868e-08  7.9798e-08  1.4854e-07  2.7651e-07  5.1473e-07
  9.5816e-07  1.7836e-06  3.3201e-06  6.1804e-06  1.1505e-05  1.6138e-05
  2.0408e-05  2.3943e-05  2.6020e-05  2.5339e-05  2.4905e-05  2.4179e-05
  2.3199e-05  2.2087e-05  2.1006e-05  2.0061e-05  1.9309e-05  1.8750e-05
  1.8349e-05  1.8066e-05  1.7869e-05  1.7741e-05  1.7669e-05  1.7642e-05
  1.7645e-05  1.7654e-05  1.7657e-05  1.7657e-05  1.7657e-05  1.7657e-05
  1.7657e-05
# COCl2 profile (VMR-PPMV) for lat -10. degrees, month 01:
  7.9433e-21  1.0000e-20  1.3267e-20  1.6702e-20  2.1026e-20  2.6471e-20
  3.3325e-20  4.1953e-20  5.2816e-20  6.6492e-20  8.3708e-20  1.0538e-19
  1.3267e-19  1.6702e-19  2.1026e-19  2.6471e-19  3.3325e-19  4.1953e-19
  5.2816e-19  6.6492e-19  8.3708e-19  1.0538e-18  1.3267e-18  1.6702e-18
  2.1026e-18  2.6471e-18  3.3325e-18  4.1953e-18  5.2816e-18  6.6492e-18
  8.3708e-18  1.0538e-17  1.3267e-17  1.6702e-17  2.1026e-17  2.6471e-17
  3.3325e-17  4.1953e-17  5.2816e-17  6.6492e-17  8.3708e-17  1.0538e-16
  1.3267e-16  1.6702e-16  2.1026e-16  2.6471e-16  3.3325e-16  4.1953e-16
  5.2816e-16  6.6492e-16  8.3708e-16  1.0538e-15  1.3267e-15  1.6702e-15
  2.1026e-15  2.6471e-15  3.3325e-15  4.1953e-15  5.2816e-15  6.6492e-15
  9.7741e-15  1.6460e-14  3.0270e-14  5.8232e-14  1.1417e-13  2.2384e-13
  4.3885e-13  8.6041e-13  1.6869e-12  3.3073e-12  6.4842e-12  1.2713e-11
  2.4925e-11  4.8867e-11  9.5808e-11  1.8784e-10  3.6827e-10  7.2203e-10
  1.4156e-09  2.7754e-09  5.4414e-09  1.0668e-08  2.0916e-08  4.1008e-08
  8.0399e-08  1.5763e-07  3.0904e-07  6.0591e-07  1.1879e-06  2.3290e-06
  4.5663e-06  8.9525e-06  1.7552e-05  2.5865e-05  3.3453e-05  3.9628e-05
  4.3090e-05  4.1507e-05  3.9164e-05  3.6267e-05  3.3088e-05  3.0001e-05
  2.7352e-05  2.5335e-05  2.3967e-05  2.3146e-05  2.2724e-05  2.2543e-05
  2.2481e-05  2.2471e-05  2.2471e-05  2.2471e-05  2.2471e-05  2.2471e-05
  2.2471e-05  2.2471e-05  2.2471e-05  2.2471e-05  2.2471e-05  2.2471e-05
  2.2471e-05
# COCl2 profile (VMR-PPMV) for lat 10. degrees, month 01:
  7.9433e-21  1.0000e-20  1.3267e-20  1.6702e-20  2.1026e-20  2.6471e-20
  3.3325e-20  4.1953e-20  5.2816e-20  6.6492e-20  8.3708e-20  1.0538e-19
  1.3267e-19  1.6702e-19  2.1026e-19  2.6471e-19  3.3325e-19  4.1953e-19
  5.2816e-19  6.6492e-19  8.3708e-19  1.0538e-18  1.3267e-18  1.6702e-18
  2.1026e-18  2.6471e-18  3.3325e-18  4.1953e-18  5.2816e-18  6.6492e-18
  8.3708e-18  1.0538e-17  1.3267e-17  1.6702e-17  2.1026e-17  2.6471e-17
  3.3325e-17  4.1953e-17  5.2816e-17  6.6492e-17  8.3708e-17  1.0538e-16
  1.3267e-16  1.6702e-16  2.1026e-16  2.6471e-16  3.3325e-16  4.1953e-16
  5.2816e-16  6.6492e-16  8.3708e-16  1.0538e-15  1.3267e-15  1.6702e-15
  2.1026e-15  2.6471e-15  3.3325e-15  4.1953e-15  5.2816e-15  6.6492e-15
  9.7800e-15  1.6489e-14  3.0367e-14  5.8508e-14  1.1488e-13  2.2558e-13
  4.4293e-13  8.6971e-13  1.7077e-12  3.3531e-12  6.5840e-12  1.2928e-11
  2.5385e-11  4.9843e-11  9.7869e-11  1.9217e-10  3.7733e-10  7.4091e-10
  1.4548e-09  2.8566e-09  5.6090e-09  1.1013e-08  2.1625e-08  4.2462e-08
  8.3375e-08  1.6371e-07  3.2145e-07  6.3118e-07  1.2394e-06  2.4335e-06
  4.7783e-06  9.3824e-06  1.8423e-05  2.7595e-05  3.5930e-05  4.2653e-05
  4.6397e-05  4.4700e-05  4.1638e-05  3.8007e-05  3.4026e-05  2.9889e-05
  2.5935e-05  2.2564e-05  1.9869e-05  1.7829e-05  1.6520e-05  1.5866e-05
  1.5561e-05  1.5386e-05  1.5326e-05  1.5330e-05  1.5344e-05  1.5350e-05
  1.5350e-05  1.5350e-05  1.5350e-05  1.5350e-05  1.5350e-05  1.5350e-05
  1.5350e-05
# COCl2 profile (VMR-PPMV) for lat 45 degrees, month 01:
  7.9433e-21  1.0000e-20  1.3267e-20  1.6702e-20  2.1026e-20  2.6471e-20
  3.3325e-20  4.1953e-20  5.2816e-20  6.6492e-20  8.3708e-20  1.0538e-19
  1.3267e-19  1.6702e-19  2.1026e-19  2.6471e-19  3.3325e-19  4.1953e-19
  5.2816e-19  6.6492e-19  8.3708e-19  1.0538e-18  1.3267e-18  1.6702e-18
  2.1026e-18  2.6471e-18  3.3325e-18  4.1953e-18  5.2816e-18  6.6492e-18
  8.3708e-18  1.0538e-17  1.3267e-17  1.6702e-17  2.1026e-17  2.6471e-17
  3.3325e-17  4.1953e-17  5.2816e-17  6.6492e-17  8.3708e-17  1.0538e-16
  1.3267e-16  1.6702e-16  2.1026e-16  2.6471e-16  3.3325e-16  4.1953e-16
  5.2816e-16  6.6492e-16  8.3708e-16  1.0538e-15  1.3267e-15  1.6702e-15
  2.1026e-15  2.6471e-15  3.3325e-15  4.1953e-15  5.2816e-15  6.6492e-15
  9.4858e-15  1.5082e-14  2.5807e-14  4.5991e-14  8.3540e-14  1.5175e-13
  2.7564e-13  5.0068e-13  9.0945e-13  1.6520e-12  3.0007e-12  5.4506e-12
  9.9007e-12  1.7984e-11  3.2667e-11  5.9337e-11  1.0778e-10  1.9578e-10
  3.5562e-10  6.4597e-10  1.1734e-09  2.1313e-09  3.8715e-09  7.0323e-09
  1.2774e-08  2.3203e-08  4.2146e-08  7.6556e-08  1.3906e-07  2.5259e-07
  4.5882e-07  8.3342e-07  1.5139e-06  2.7498e-06  4.9949e-06  9.0730e-06
  1.3018e-05  1.6931e-05  2.0544e-05  2.3253e-05  2.3957e-05  2.4463e-05
  2.4524e-05  2.4173e-05  2.3566e-05  2.2957e-05  2.2415e-05  2.1923e-05
  2.1468e-05  2.1064e-05  2.0736e-05  2.0508e-05  2.0388e-05  2.0360e-05
  2.0377e-05  2.0394e-05  2.0399e-05  2.0399e-05  2.0399e-05  2.0399e-05
  2.0399e-05
# COCl2 profile (VMR-PPMV) for lat 75 degrees, month 01:
  7.9433e-21  1.0000e-20  1.3267e-20  1.6702e-20  2.1026e-20  2.6471e-20
  3.3325e-20  4.1953e-20  5.2816e-20  6.6492e-20  8.3708e-20  1.0538e-19
  1.3267e-19  1.6702e-19  2.1026e-19  2.6471e-19  3.3325e-19  4.1953e-19
  5.2816e-19  6.6492e-19  8.3708e-19  1.0538e-18  1.3267e-18  1.6702e-18
  2.1026e-18  2.6471e-18  3.3325e-18  4.1953e-18  5.2816e-18  6.6492e-18
  8.3708e-18  1.0538e-17  1.3267e-17  1.6702e-17  2.1026e-17  2.6471e-17
  3.3325e-17  4.1953e-17  5.2816e-17  6.6492e-17  8.3708e-17  1.0538e-16
  1.3267e-16  1.6702e-16  2.1026e-16  2.6471e-16  3.3325e-16  4.1953e-16
  5.2816e-16  6.6492e-16  8.3708e-16  1.0538e-15  1.3267e-15  1.6702e-15
  2.1026e-15  2.6471e-15  3.3325e-15  4.1953e-15  5.2816e-15  6.6492e-15
  9.3914e-15  1.4649e-14  2.4463e-14  4.2470e-14  7.5139e-14  1.3294e-13
  2.3520e-13  4.1612e-13  7.3620e-13  1.3025e-12  2.3044e-12  4.0770e-12
  7.2132e-12  1.2762e-11  2.2578e-11  3.9946e-11  7.0673e-11  1.2504e-10
  2.2122e-10  3.9138e-10  6.9244e-10  1.2251e-09  2.1674e-09  3.8347e-09
  6.7844e-09  1.2003e-08  2.1236e-08  3.7572e-08  6.6473e-08  1.1760e-07
  2.0807e-07  3.6812e-07  6.5129e-07  1.1523e-06  2.0386e-06  3.6068e-06
  6.3812e-06  9.6255e-06  1.2945e-05  1.6169e-05  1.8863e-05  2.0348e-05
  2.1238e-05  2.1820e-05  2.2094e-05  2.2168e-05  2.2134e-05  2.2018e-05
  2.1809e-05  2.1521e-05  2.1206e-05  2.0923e-05  2.0718e-05  2.0606e-05
  2.0569e-05  2.0566e-05  2.0567e-05  2.0567e-05  2.0567e-05  2.0567e-05
  2.0567e-05
# COCl2 profile (VMR-PPMV) for lat -75.0 degrees, month 01:
  7.9433e-21  1.0000e-20  1.3267e-20  1.6702e-20  2.1026e-20  2.6471e-20
  3.3325e-20  4.1953e-20  5.2816e-20  6.6492e-20  8.3708e-20  1.0538e-19
  1.3267e-19  1.6702e-19  2.1026e-19  2.6471e-19  3.3325e-19  4.1953e-19
  5.2816e-19  6.6492e-19  8.3708e-19  1.0538e-18  1.3267e-18  1.6702e-18
  2.1026e-18  2.6471e-18  3.3325e-18  4.1953e-18  5.2816e-18  6.6492e-18
  8.3708e-18  1.0538e-17  1.3267e-17  1.6702e-17  2.1026e-17  2.6471e-17
  3.3325e-17  4.1953e-17  5.2816e-17  6.6492e-17  8.3708e-17  1.0538e-16
  1.3267e-16  1.6702e-16  2.1026e-16  2.6471e-16  3.3325e-16  4.1953e-16
  5.2816e-16  6.6492e-16  8.3708e-16  1.0538e-15  1.3267e-15  1.6702e-15
  2.1026e-15  2.6471e-15  3.3325e-15  4.1953e-15  5.2816e-15  6.6492e-15
  9.4072e-15  1.4721e-14  2.4685e-14  4.3045e-14  7.6498e-14  1.3595e-13
  2.4160e-13  4.2936e-13  7.6304e-13  1.3560e-12  2.4099e-12  4.2827e-12
  7.6110e-12  1.3526e-11  2.4037e-11  4.2718e-11  7.5916e-11  1.3491e-10
  2.3976e-10  4.2610e-10  7.5723e-10  1.3457e-09  2.3915e-09  4.2501e-09
  7.5531e-09  1.3423e-08  2.3855e-08  4.2393e-08  7.5339e-08  1.3389e-07
  2.3794e-07  4.2286e-07  7.5148e-07  1.3355e-06  2.3734e-06  4.2178e-06
  7.4957e-06  1.0667e-05  1.3820e-05  1.6791e-05  1.9162e-05  2.0127e-05
  2.1004e-05  2.1507e-05  2.1591e-05  2.1356e-05  2.0985e-05  2.0618e-05
  2.0290e-05  1.9973e-05  1.9644e-05  1.9309e-05  1.9005e-05  1.8785e-05
  1.8673e-05  1.8637e-05  1.8631e-05  1.8631e-05  1.8631e-05  1.8631e-05
  1.8631e-05
# COCl2 profile (VMR-PPMV) for lat -45.0 degrees, month 01:
  7.9433e-21  1.0000e-20  1.3267e-20  1.6702e-20  2.1026e-20  2.6471e-20
  3.3325e-20  4.1953e-20  5.2816e-20  6.6492e-20  8.3708e-20  1.0538e-19
  1.3267e-19  1.6702e-19  2.1026e-19  2.6471e-19  3.3325e-19  4.1953e-19
  5.2816e-19  6.6492e-19  8.3708e-19  1.0538e-18  1.3267e-18  1.6702e-18
  2.1026e-18  2.6471e-18  3.3325e-18  4.1953e-18  5.2816e-18  6.6492e-18
  8.3708e-18  1.0538e-17  1.3267e-17  1.6702e-17  2.1026e-17  2.6471e-17
  3.3325e-17  4.1953e-17  5.2816e-17  6.6492e-17  8.3708e-17  1.0538e-16
  1.3267e-16  1.6702e-16  2.1026e-16  2.6471e-16  3.3325e-16  4.1953e-16
  5.2816e-16  6.6492e-16  8.3708e-16  1.0538e-15  1.3267e-15  1.6702e-15
  2.1026e-15  2.6471e-15  3.3325e-15  4.1953e-15  5.2816e-15  6.6492e-15
  9.5759e-15  1.5504e-14  2.7143e-14  4.9568e-14  9.2271e-14  1.7176e-13
  3.1973e-13  5.9518e-13  1.1079e-12  2.0624e-12  3.8391e-12  7.1464e-12
  1.3303e-11  2.4763e-11  4.6097e-11  8.5808e-11  1.5973e-10  2.9734e-10
  5.5349e-10  1.0303e-09  1.9179e-09  3.5702e-09  6.6459e-09  1.2371e-08
  2.3029e-08  4.2868e-08  7.9798e-08  1.4854e-07  2.7651e-07  5.1473e-07
  9.5816e-07  1.7836e-06  3.3201e-06  6.1804e-06  1.1505e-05  1.6138e-05
  2.0408e-05  2.3943e-05  2.6020e-05  2.5339e-05  2.4905e-05  2.4179e-05
  2.3199e-05  2.2087e-05  2.1006e-05  2.0061e-05  1.9309e-05  1.8750e-05
  1.8349e-05  1.8066e-05  1.7869e-05  1.7741e-05  1.7669e-05  1.7642e-05
  1.7645e-05  1.7654e-05  1.7657e-05  1.7657e-05  1.7657e-05  1.7657e-05
  1.7657e-05
# COCl2 profile (VMR-PPMV) for lat -10. degrees, month 01:
  7.9433e-21  1.0000e-20  1.3267e-20  1.6702e-20  2.1026e-20  2.6471e-20
  3.3325e-20  4.1953e-20  5.2816e-20  6.6492e-20  8.3708e-20  1.0538e-19
  1.3267e-19  1.6702e-19  2.1026e-19  2.6471e-19  3.3325e-19  4.1953e-19
  5.2816e-19  6.6492e-19  8.3708e-19  1.0538e-18  1.3267e-18  1.6702e-18
  2.1026e-18  2.6471e-18  3.3325e-18  4.1953e-18  5.2816e-18  6.6492e-18
  8.3708e-18  1.0538e-17  1.3267e-17  1.6702e-17  2.1026e-17  2.6471e-17
  3.3325e-17  4.1953e-17  5.2816e-17  6.6492e-17  8.3708e-17  1.0538e-16
  1.3267e-16  1.6702e-16  2.1026e-16  2.6471e-16  3.3325e-16  4.1953e-16
  5.2816e-16  6.6492e-16  8.3708e-16  1.0538e-15  1.3267e-15  1.6702e-15
  2.1026e-15  2.6471e-15  3.3325e-15  4.1953e-15  5.2816e-15  6.6492e-15
  9.7741e-15  1.6460e-14  3.0270e-14  5.8232e-14  1.1417e-13  2.2384e-13
  4.3885e-13  8.6041e-13  1.6869e-12  3.3073e-12  6.4842e-12  1.2713e-11
  2.4925e-11  4.8867e-11  9.5808e-11  1.8784e-10  3.6827e-10  7.2203e-10
  1.4156e-09  2.7754e-09  5.4414e-09  1.0668e-08  2.0916e-08  4.1008e-08
  8.0399e-08  1.5763e-07  3.0904e-07  6.0591e-07  1.1879e-06  2.3290e-06
  4.5663e-06  8.9525e-06  1.7552e-05  2.5865e-05  3.3453e-05  3.9628e-05
  4.3090e-05  4.1507e-05  3.9164e-05  3.6267e-05  3.3088e-05  3.0001e-05
  2.7352e-05  2.5335e-05  2.3967e-05  2.3146e-05  2.2724e-05  2.2543e-05
  2.2481e-05  2.2471e-05  2.2471e-05  2.2471e-05  2.2471e-05  2.2471e-05
  2.2471e-05  2.2471e-05  2.2471e-05  2.2471e-05  2.2471e-05  2.2471e-05
  2.2471e-05
# COCl2 profile (VMR-PPMV) for lat 10. degrees, month 01:
  7.9433e-21  1.0000e-20  1.3267e-20  1.6702e-20  2.1026e-20  2.6471e-20
  3.3325e-20  4.1953e-20  5.2816e-20  6.6492e-20  8.3708e-20  1.0538e-19
  1.3267e-19  1.6702e-19  2.1026e-19  2.6471e-19  3.3325e-19  4.1953e-19
  5.2816e-19  6.6492e-19  8.3708e-19  1.0538e-18  1.3267e-18  1.6702e-18
  2.1026e-18  2.6471e-18  3.3325e-18  4.1953e-18  5.2816e-18  6.6492e-18
  8.3708e-18  1.0538e-17  1.3267e-17  1.6702e-17  2.1026e-17  2.6471e-17
  3.3325e-17  4.1953e-17  5.2816e-17  6.6492e-17  8.3708e-17  1.0538e-16
  1.3267e-16  1.6702e-16  2.1026e-16  2.6471e-16  3.3325e-16  4.1953e-16
  5.2816e-16  6.6492e-16  8.3708e-16  1.0538e-15  1.3267e-15  1.6702e-15
  2.1026e-15  2.6471e-15  3.3325e-15  4.1953e-15  5.2816e-15  6.6492e-15
  9.7800e-15  1.6489e-14  3.0367e-14  5.8508e-14  1.1488e-13  2.2558e-13
  4.4293e-13  8.6971e-13  1.7077e-12  3.3531e-12  6.5840e-12  1.2928e-11
  2.5385e-11  4.9843e-11  9.7869e-11  1.9217e-10  3.7733e-10  7.4091e-10
  1.4548e-09  2.8566e-09  5.6090e-09  1.1013e-08  2.1625e-08  4.2462e-08
  8.3375e-08  1.6371e-07  3.2145e-07  6.3118e-07  1.2394e-06  2.4335e-06
  4.7783e-06  9.3824e-06  1.8423e-05  2.7595e-05  3.5930e-05  4.2653e-05
  4.6397e-05  4.4700e-05  4.1638e-05  3.8007e-05  3.4026e-05  2.9889e-05
  2.5935e-05  2.2564e-05  1.9869e-05  1.7829e-05  1.6520e-05  1.5866e-05
  1.5561e-05  1.5386e-05  1.5326e-05  1.5330e-05  1.5344e-05  1.5350e-05
  1.5350e-05  1.5350e-05  1.5350e-05  1.5350e-05  1.5350e-05  1.5350e-05
  1.5350e-05
# COCl2 profile (VMR-PPMV) for lat 45 degrees, month 01:
  7.9433e-21  1.0000e-20  1.3267e-20  1.6702e-20  2.1026e-20  2.6471e-20
  3.3325e-20  4.1953e-20  5.2816e-20  6.6492e-20  8.3708e-20  1.0538e-19
  1.3267e-19  1.6702e-19  2.1026e-19  2.6471e-19  3.3325e-19  4.1953e-19
  5.2816e-19  6.6492e-19  8.3708e-19  1.0538e-18  1.3267e-18  1.6702e-18
  2.1026e-18  2.6471e-18  3.3325e-18  4.1953e-18  5.2816e-18  6.6492e-18
  8.3708e-18  1.0538e-17  1.3267e-17  1.6702e-17  2.1026e-17  2.6471e-17
  3.3325e-17  4.1953e-17  5.2816e-17  6.6492e-17  8.3708e-17  1.0538e-16
  1.3267e-16  1.6702e-16  2.1026e-16  2.6471e-16  3.3325e-16  4.1953e-16
  5.2816e-16  6.6492e-16  8.3708e-16  1.0538e-15  1.3267e-15  1.6702e-15
  2.1026e-15  2.6471e-15  3.3325e-15  4.1953e-15  5.2816e-15  6.6492e-15
  9.4858e-15  1.5082e-14  2.5807e-14  4.5991e-14  8.3540e-14  1.5175e-13
  2.7564e-13  5.0068e-13  9.0945e-13  1.6520e-12  3.0007e-12  5.4506e-12
  9.9007e-12  1.7984e-11  3.2667e-11  5.9337e-11  1.0778e-10  1.9578e-10
  3.5562e-10  6.4597e-10  1.1734e-09  2.1313e-09  3.8715e-09  7.0323e-09
  1.2774e-08  2.3203e-08  4.2146e-08  7.6556e-08  1.3906e-07  2.5259e-07
  4.5882e-07  8.3342e-07  1.5139e-06  2.7498e-06  4.9949e-06  9.0730e-06
  1.3018e-05  1.6931e-05  2.0544e-05  2.3253e-05  2.3957e-05  2.4463e-05
  2.4524e-05  2.4173e-05  2.3566e-05  2.2957e-05  2.2415e-05  2.1923e-05
  2.1468e-05  2.1064e-05  2.0736e-05  2.0508e-05  2.0388e-05  2.0360e-05
  2.0377e-05  2.0394e-05  2.0399e-05  2.0399e-05  2.0399e-05  2.0399e-05
  2.0399e-05
# COCl2 profile (VMR-PPMV) for lat 75 degrees, month 01:
  7.9433e-21  1.0000e-20  1.3267e-20  1.6702e-20  2.1026e-20  2.6471e-20
  3.3325e-20  4.1953e-20  5.2816e-20  6.6492e-20  8.3708e-20  1.0538e-19
  1.3267e-19  1.6702e-19  2.1026e-19  2.6471e-19  3.3325e-19  4.1953e-19
  5.2816e-19  6.6492e-19  8.3708e-19  1.0538e-18  1.3267e-18  1.6702e-18
  2.1026e-18  2.6471e-18  3.3325e-18  4.1953e-18  5.2816e-18  6.6492e-18
  8.3708e-18  1.0538e-17  1.3267e-17  1.6702e-17  2.1026e-17  2.6471e-17
  3.3325e-17  4.1953e-17  5.2816e-17  6.6492e-17  8.3708e-17  1.0538e-16
  1.3267e-16  1.6702e-16  2.1026e-16  2.6471e-16  3.3325e-16  4.1953e-16
  5.2816e-16  6.6492e-16  8.3708e-16  1.0538e-15  1.3267e-15  1.6702e-15
  2.1026e-15  2.6471e-15  3.3325e-15  4.1953e-15  5.2816e-15  6.6492e-15
  9.3914e-15  1.4649e-14  2.4463e-14  4.2470e-14  7.5139e-14  1.3294e-13
  2.3520e-13  4.1612e-13  7.3620e-13  1.3025e-12  2.3044e-12  4.0770e-12
  7.2132e-12  1.2762e-11  2.2578e-11  3.9946e-11  7.0673e-11  1.2504e-10
  2.2122e-10  3.9138e-10  6.9244e-10  1.2251e-09  2.1674e-09  3.8347e-09
  6.7844e-09  1.2003e-08  2.1236e-08  3.7572e-08  6.6473e-08  1.1760e-07
  2.0807e-07  3.6812e-07  6.5129e-07  1.1523e-06  2.0386e-06  3.6068e-06
  6.3812e-06  9.6255e-06  1.2945e-05  1.6169e-05  1.8863e-05  2.0348e-05
  2.1238e-05  2.1820e-05  2.2094e-05  2.2168e-05  2.2134e-05  2.2018e-05
  2.1809e-05  2.1521e-05  2.1206e-05  2.0923e-05  2.0718e-05  2.0606e-05
  2.0569e-05  2.0566e-05  2.0567e-05  2.0567e-05  2.0567e-05  2.0567e-05
  2.0567e-05
# Last line of file.
