21-JAN-2014 12:01:39.000000
# V5 INTERIM FILE generated by J.J. Remedios and H. Sembhi
# HITRAN code of the gas:
  6
# DN:
1 1 1 1 1 1
# CH4 profile (VMR-PPMV) for lat -75.0 degrees, month 04:
  2.9170e-04  3.0487e-04  3.1857e-04  3.3400e-04  3.5153e-04  3.7173e-04
  3.9457e-04  4.2013e-04  4.4930e-04  4.8160e-04  5.1870e-04  5.6040e-04
  6.0800e-04  6.6083e-04  7.2047e-04  7.8647e-04  8.6110e-04  9.4380e-04
  1.0388e-03  1.1457e-03  1.2647e-03  1.3967e-03  1.5433e-03  1.7080e-03
  1.8903e-03  2.0923e-03  2.3160e-03  2.5747e-03  2.8607e-03  3.1760e-03
  3.5153e-03  3.8820e-03  4.2847e-03  4.7270e-03  5.2133e-03  5.7423e-03
  6.3140e-03  6.9433e-03  7.6247e-03  8.3563e-03  9.1720e-03  1.1150e-02
  1.4266e-02  1.8462e-02  2.2644e-02  2.6817e-02  3.0986e-02  3.5147e-02
  3.9300e-02  4.3445e-02  4.7846e-02  5.2798e-02  5.8278e-02  6.4025e-02
  6.9718e-02  7.6167e-02  8.3435e-02  9.1518e-02  9.9610e-02  1.0712e-01
  1.1338e-01  1.1841e-01  1.2272e-01  1.2618e-01  1.2812e-01  1.2856e-01
  1.2834e-01  1.2430e-01  1.1584e-01  1.0297e-01  8.9539e-02  8.0353e-02
  7.5390e-02  7.4637e-02  7.4075e-02  7.5973e-02  8.0375e-02  8.7395e-02
  9.7759e-02  1.1145e-01  1.2923e-01  1.5340e-01  1.8415e-01  2.2298e-01
  2.7032e-01  3.2640e-01  3.9625e-01  4.8224e-01  5.8444e-01  6.9270e-01
  7.9776e-01  8.9214e-01  9.7503e-01  1.0322e+00  1.0635e+00  1.1039e+00
  1.1781e+00  1.2409e+00  1.2506e+00  1.1962e+00  1.1604e+00  1.1940e+00
  1.3033e+00  1.4382e+00  1.5335e+00  1.5961e+00  1.6478e+00  1.7144e+00
  1.7550e+00  1.7519e+00  1.6631e+00  1.5713e+00  1.5289e+00  1.5763e+00
  1.6493e+00  1.7019e+00  1.7266e+00  1.7503e+00  1.7797e+00  1.8203e+00
  1.8560e+00
# CH4 profile (VMR-PPMV) for lat -45.0 degrees, month 04:
  1.7820e-02  1.8203e-02  1.8603e-02  1.9030e-02  1.9490e-02  1.9983e-02
  2.0520e-02  2.1087e-02  2.1700e-02  2.2363e-02  2.3087e-02  2.3863e-02
  2.4700e-02  2.5607e-02  2.6583e-02  2.7623e-02  2.8753e-02  2.9980e-02
  3.1297e-02  3.2670e-02  3.4120e-02  3.5667e-02  3.7323e-02  3.9090e-02
  4.0963e-02  4.2947e-02  4.5037e-02  4.7237e-02  4.9550e-02  5.1977e-02
  5.4500e-02  5.7120e-02  5.9833e-02  6.2640e-02  6.5537e-02  6.8527e-02
  7.1627e-02  7.4827e-02  7.8130e-02  8.1537e-02  8.4214e-02  8.6122e-02
  8.7221e-02  8.8317e-02  8.9409e-02  9.0496e-02  9.1580e-02  9.3429e-02
  9.7155e-02  1.0276e-01  1.0945e-01  1.1609e-01  1.2341e-01  1.3165e-01
  1.4077e-01  1.5005e-01  1.5955e-01  1.6992e-01  1.8116e-01  1.9297e-01
  2.0527e-01  2.1887e-01  2.3373e-01  2.4931e-01  2.6419e-01  2.7811e-01
  2.9104e-01  3.0360e-01  3.1663e-01  3.3041e-01  3.4492e-01  3.5963e-01
  3.7671e-01  3.9742e-01  4.2178e-01  4.4866e-01  4.7813e-01  5.1032e-01
  5.4489e-01  5.8261e-01  6.2343e-01  6.6670e-01  7.1051e-01  7.5506e-01
  8.0063e-01  8.4859e-01  8.9875e-01  9.5048e-01  1.0025e+00  1.0528e+00
  1.0988e+00  1.1377e+00  1.1668e+00  1.1997e+00  1.2531e+00  1.3114e+00
  1.3414e+00  1.3253e+00  1.2875e+00  1.2994e+00  1.3736e+00  1.5028e+00
  1.6188e+00  1.7107e+00  1.7749e+00  1.8123e+00  1.8134e+00  1.7772e+00
  1.7365e+00  1.7119e+00  1.7195e+00  1.7379e+00  1.7544e+00  1.7568e+00
  1.7524e+00  1.7448e+00  1.7397e+00  1.7370e+00  1.7509e+00  1.7933e+00
  1.8640e+00
# CH4 profile (VMR-PPMV) for lat -10. degrees, month 04:
  7.3070e-03  7.5357e-03  7.7757e-03  8.0373e-03  8.3183e-03  8.6240e-03
  8.9650e-03  9.3423e-03  9.7677e-03  1.0233e-02  1.0753e-02  1.1327e-02
  1.1960e-02  1.2643e-02  1.3380e-02  1.4180e-02  1.5047e-02  1.5977e-02
  1.6963e-02  1.8033e-02  1.9197e-02  2.0447e-02  2.1773e-02  2.3183e-02
  2.4693e-02  2.6307e-02  2.8030e-02  2.9863e-02  3.1817e-02  3.3890e-02
  3.6093e-02  3.8430e-02  4.0887e-02  4.3470e-02  4.6183e-02  4.9033e-02
  5.2023e-02  5.5160e-02  5.8470e-02  6.2774e-02  6.8018e-02  7.4142e-02
  8.0270e-02  8.6399e-02  9.2538e-02  9.8816e-02  1.0527e-01  1.1190e-01
  1.1857e-01  1.2525e-01  1.3215e-01  1.3927e-01  1.4655e-01  1.5375e-01
  1.6087e-01  1.6796e-01  1.7501e-01  1.8199e-01  1.8946e-01  1.9751e-01
  2.0617e-01  2.1485e-01  2.2442e-01  2.3482e-01  2.4604e-01  2.5753e-01
  2.7196e-01  2.8930e-01  3.0915e-01  3.2975e-01  3.5650e-01  3.8943e-01
  4.2836e-01  4.7578e-01  5.3176e-01  5.9568e-01  6.6610e-01  7.4313e-01
  8.2693e-01  9.0558e-01  9.7905e-01  1.0473e+00  1.1186e+00  1.1929e+00
  1.2703e+00  1.3335e+00  1.3826e+00  1.4214e+00  1.4644e+00  1.5061e+00
  1.5435e+00  1.5881e+00  1.6404e+00  1.6705e+00  1.6605e+00  1.6029e+00
  1.5644e+00  1.5601e+00  1.6043e+00  1.6401e+00  1.6590e+00  1.6604e+00
  1.6680e+00  1.6904e+00  1.7296e+00  1.7860e+00  1.8363e+00  1.8707e+00
  1.8907e+00  1.8953e+00  1.8889e+00  1.8660e+00  1.8420e+00  1.8184e+00
  1.7956e+00  1.7731e+00  1.7576e+00  1.7488e+00  1.7501e+00  1.7581e+00
  1.7730e+00
# CH4 profile (VMR-PPMV) for lat 10. degrees, month 04:
  7.3070e-03  7.5357e-03  7.7757e-03  8.0373e-03  8.3183e-03  8.6240e-03
  8.9650e-03  9.3423e-03  9.7677e-03  1.0233e-02  1.0753e-02  1.1327e-02
  1.1960e-02  1.2643e-02  1.3380e-02  1.4180e-02  1.5047e-02  1.5977e-02
  1.6963e-02  1.8033e-02  1.9197e-02  2.0447e-02  2.1773e-02  2.3183e-02
  2.4693e-02  2.6307e-02  2.8030e-02  2.9863e-02  3.1817e-02  3.3890e-02
  3.6093e-02  3.8430e-02  4.0887e-02  4.3470e-02  4.6183e-02  4.9033e-02
  5.2023e-02  5.5160e-02  5.8470e-02  6.1864e-02  6.5283e-02  6.8666e-02
  7.2052e-02  7.5446e-02  7.8840e-02  8.2786e-02  8.7576e-02  9.3208e-02
  9.9120e-02  1.0516e-01  1.1235e-01  1.2067e-01  1.2991e-01  1.3905e-01
  1.4804e-01  1.5692e-01  1.6567e-01  1.7429e-01  1.8264e-01  1.9064e-01
  1.9836e-01  2.0596e-01  2.1400e-01  2.2247e-01  2.3133e-01  2.4057e-01
  2.5241e-01  2.6685e-01  2.8339e-01  3.0033e-01  3.1937e-01  3.4052e-01
  3.6679e-01  4.0804e-01  4.6442e-01  5.3260e-01  6.0141e-01  6.7090e-01
  7.4100e-01  8.1133e-01  8.8196e-01  9.5597e-01  1.0405e+00  1.1355e+00
  1.2270e+00  1.2876e+00  1.3236e+00  1.3583e+00  1.4095e+00  1.4634e+00
  1.5105e+00  1.5608e+00  1.6087e+00  1.6308e+00  1.6101e+00  1.5588e+00
  1.5271e+00  1.5360e+00  1.5795e+00  1.6152e+00  1.6363e+00  1.6757e+00
  1.7552e+00  1.8378e+00  1.9004e+00  1.9361e+00  1.9481e+00  1.9462e+00
  1.9298e+00  1.9204e+00  1.9050e+00  1.8820e+00  1.8599e+00  1.8382e+00
  1.8172e+00  1.7965e+00  1.7844e+00  1.7813e+00  1.7840e+00  1.7815e+00
  1.7730e+00
# CH4 profile (VMR-PPMV) for lat 45 degrees, month 04:
  1.7820e-02  1.8203e-02  1.8603e-02  1.9030e-02  1.9490e-02  1.9983e-02
  2.0520e-02  2.1087e-02  2.1700e-02  2.2363e-02  2.3087e-02  2.3863e-02
  2.4700e-02  2.5607e-02  2.6583e-02  2.7623e-02  2.8753e-02  2.9980e-02
  3.1297e-02  3.2670e-02  3.4120e-02  3.5667e-02  3.7323e-02  3.9090e-02
  4.0963e-02  4.2947e-02  4.5037e-02  4.7237e-02  4.9550e-02  5.1977e-02
  5.4500e-02  5.7120e-02  5.9833e-02  6.2640e-02  6.5537e-02  6.8527e-02
  7.1627e-02  7.4827e-02  7.8130e-02  7.9707e-02  7.9535e-02  7.7585e-02
  7.5661e-02  7.3763e-02  7.1889e-02  7.0033e-02  6.8191e-02  6.7060e-02
  6.7858e-02  7.0570e-02  7.4483e-02  7.8367e-02  8.2945e-02  8.8488e-02
  9.4992e-02  1.0174e-01  1.0872e-01  1.1687e-01  1.2617e-01  1.3634e-01
  1.4639e-01  1.5620e-01  1.6579e-01  1.7516e-01  1.8414e-01  1.9250e-01
  2.0029e-01  2.0779e-01  2.1675e-01  2.2798e-01  2.4150e-01  2.5579e-01
  2.7362e-01  2.9793e-01  3.2873e-01  3.6520e-01  4.0814e-01  4.5784e-01
  5.0917e-01  5.5418e-01  5.9268e-01  6.2553e-01  6.5470e-01  6.8020e-01
  7.0913e-01  7.4997e-01  8.0305e-01  8.6290e-01  9.2377e-01  9.8847e-01
  1.0642e+00  1.1475e+00  1.2269e+00  1.2915e+00  1.3352e+00  1.3618e+00
  1.3633e+00  1.3493e+00  1.3252e+00  1.3305e+00  1.3797e+00  1.4836e+00
  1.5994e+00  1.7045e+00  1.7786e+00  1.8094e+00  1.7988e+00  1.7453e+00
  1.6912e+00  1.6542e+00  1.6838e+00  1.7641e+00  1.8763e+00  1.9306e+00
  1.9286e+00  1.8779e+00  1.8489e+00  1.8418e+00  1.8538e+00  1.8616e+00
  1.8640e+00
# CH4 profile (VMR-PPMV) for lat 75 degrees, month 04:
  1.6840e-02  1.7150e-02  1.7467e-02  1.7810e-02  1.8190e-02  1.8613e-02
  1.9077e-02  1.9580e-02  2.0130e-02  2.0717e-02  2.1360e-02  2.2053e-02
  2.2810e-02  2.3610e-02  2.4470e-02  2.5373e-02  2.6343e-02  2.7360e-02
  2.8467e-02  2.9640e-02  3.0877e-02  3.2170e-02  3.3527e-02  3.4963e-02
  3.6460e-02  3.8027e-02  3.9660e-02  4.1433e-02  4.3280e-02  4.5200e-02
  4.7140e-02  4.9117e-02  5.1167e-02  5.3287e-02  5.5493e-02  5.7760e-02
  6.0073e-02  6.2483e-02  6.4953e-02  6.5794e-02  6.4988e-02  6.2553e-02
  6.0166e-02  5.7814e-02  5.5494e-02  5.3202e-02  5.0940e-02  4.8706e-02
  4.6499e-02  4.4436e-02  4.3835e-02  4.4680e-02  4.6840e-02  4.8983e-02
  5.1328e-02  5.4017e-02  5.7049e-02  6.0202e-02  6.3211e-02  6.5889e-02
  6.8232e-02  7.0363e-02  7.2699e-02  7.5371e-02  7.8369e-02  8.1469e-02
  8.5714e-02  9.1302e-02  9.8210e-02  1.0527e-01  1.1612e-01  1.3150e-01
  1.5142e-01  1.7211e-01  1.9764e-01  2.2994e-01  2.6906e-01  3.0804e-01
  3.4358e-01  3.7575e-01  4.0460e-01  4.3004e-01  4.5190e-01  4.7837e-01
  5.1384e-01  5.5855e-01  6.1450e-01  6.8125e-01  7.5880e-01  8.3254e-01
  8.9809e-01  9.5725e-01  1.0177e+00  1.0751e+00  1.1231e+00  1.1637e+00
  1.2063e+00  1.2454e+00  1.2568e+00  1.2437e+00  1.2395e+00  1.2822e+00
  1.3658e+00  1.4532e+00  1.5133e+00  1.5550e+00  1.6284e+00  1.7043e+00
  1.7536e+00  1.7284e+00  1.6880e+00  1.6723e+00  1.7281e+00  1.8159e+00
  1.8846e+00  1.8898e+00  1.8733e+00  1.8664e+00  1.8607e+00  1.8196e+00
  1.7430e+00
# CH4 profile (VMR-PPMV) for lat -75.0 degrees, month 04:
  2.9170e-04  3.0487e-04  3.1857e-04  3.3400e-04  3.5153e-04  3.7173e-04
  3.9457e-04  4.2013e-04  4.4930e-04  4.8160e-04  5.1870e-04  5.6040e-04
  6.0800e-04  6.6083e-04  7.2047e-04  7.8647e-04  8.6110e-04  9.4380e-04
  1.0388e-03  1.1457e-03  1.2647e-03  1.3967e-03  1.5433e-03  1.7080e-03
  1.8903e-03  2.0923e-03  2.3160e-03  2.5747e-03  2.8607e-03  3.1760e-03
  3.5153e-03  3.8820e-03  4.2847e-03  4.7270e-03  5.2133e-03  5.7423e-03
  6.3140e-03  6.9433e-03  7.6247e-03  8.3563e-03  9.1720e-03  1.0611e-02
  1.2652e-02  1.5238e-02  1.7814e-02  2.0386e-02  2.2955e-02  2.5519e-02
  2.8078e-02  3.0567e-02  3.2853e-02  3.4933e-02  3.6868e-02  3.8795e-02
  4.0883e-02  4.3139e-02  4.5556e-02  4.7961e-02  5.1633e-02  5.7243e-02
  6.4797e-02  7.2987e-02  8.0669e-02  8.7795e-02  9.4393e-02  1.0090e-01
  1.0732e-01  1.1365e-01  1.1993e-01  1.2613e-01  1.3226e-01  1.3831e-01
  1.4437e-01  1.5013e-01  1.5561e-01  1.6058e-01  1.6344e-01  1.6419e-01
  1.6351e-01  1.6520e-01  1.6932e-01  1.7577e-01  1.8340e-01  1.9223e-01
  2.0747e-01  2.4192e-01  2.9577e-01  3.6438e-01  4.3794e-01  5.1645e-01
  6.0065e-01  6.8735e-01  7.6862e-01  8.4254e-01  9.3318e-01  1.0512e+00
  1.1587e+00  1.2216e+00  1.2090e+00  1.1540e+00  1.1226e+00  1.1588e+00
  1.2877e+00  1.4298e+00  1.5617e+00  1.6566e+00  1.7309e+00  1.7879e+00
  1.7995e+00  1.7621e+00  1.6580e+00  1.5770e+00  1.5515e+00  1.5972e+00
  1.6548e+00  1.6984e+00  1.7236e+00  1.7503e+00  1.7797e+00  1.8203e+00
  1.8560e+00
# CH4 profile (VMR-PPMV) for lat -45.0 degrees, month 04:
  1.7820e-02  1.8203e-02  1.8603e-02  1.9030e-02  1.9490e-02  1.9983e-02
  2.0520e-02  2.1087e-02  2.1700e-02  2.2363e-02  2.3087e-02  2.3863e-02
  2.4700e-02  2.5607e-02  2.6583e-02  2.7623e-02  2.8753e-02  2.9980e-02
  3.1297e-02  3.2670e-02  3.4120e-02  3.5667e-02  3.7323e-02  3.9090e-02
  4.0963e-02  4.2947e-02  4.5037e-02  4.7237e-02  4.9550e-02  5.1977e-02
  5.4500e-02  5.7120e-02  5.9833e-02  6.2640e-02  6.5537e-02  6.8527e-02
  7.1627e-02  7.4827e-02  7.8130e-02  8.1537e-02  8.3696e-02  8.4569e-02
  8.4119e-02  8.3671e-02  8.3224e-02  8.2779e-02  8.2335e-02  8.3255e-02
  8.6236e-02  9.1277e-02  9.6988e-02  1.0268e-01  1.0911e-01  1.1629e-01
  1.2418e-01  1.3201e-01  1.4015e-01  1.4889e-01  1.5824e-01  1.6783e-01
  1.7805e-01  1.8935e-01  2.0169e-01  2.1438e-01  2.2685e-01  2.3912e-01
  2.5117e-01  2.6326e-01  2.7631e-01  2.9035e-01  3.0526e-01  3.2092e-01
  3.4304e-01  3.7167e-01  4.0605e-01  4.4096e-01  4.7646e-01  5.1267e-01
  5.5116e-01  5.9251e-01  6.3667e-01  6.8196e-01  7.2786e-01  7.7460e-01
  8.2603e-01  8.8315e-01  9.4575e-01  1.0081e+00  1.0684e+00  1.1204e+00
  1.1656e+00  1.2045e+00  1.2463e+00  1.3033e+00  1.3682e+00  1.4048e+00
  1.3993e+00  1.3511e+00  1.3239e+00  1.3421e+00  1.4389e+00  1.5685e+00
  1.6978e+00  1.7824e+00  1.8279e+00  1.8333e+00  1.8040e+00  1.7434e+00
  1.6884e+00  1.6610e+00  1.6741e+00  1.6948e+00  1.7140e+00  1.7228e+00
  1.7287e+00  1.7331e+00  1.7358e+00  1.7370e+00  1.7509e+00  1.7933e+00
  1.8640e+00
# CH4 profile (VMR-PPMV) for lat -10. degrees, month 04:
  7.3070e-03  7.5357e-03  7.7757e-03  8.0373e-03  8.3183e-03  8.6240e-03
  8.9650e-03  9.3423e-03  9.7677e-03  1.0233e-02  1.0753e-02  1.1327e-02
  1.1960e-02  1.2643e-02  1.3380e-02  1.4180e-02  1.5047e-02  1.5977e-02
  1.6963e-02  1.8033e-02  1.9197e-02  2.0447e-02  2.1773e-02  2.3183e-02
  2.4693e-02  2.6307e-02  2.8030e-02  2.9863e-02  3.1817e-02  3.3890e-02
  3.6093e-02  3.8430e-02  4.0887e-02  4.3470e-02  4.6183e-02  4.9033e-02
  5.2023e-02  5.5160e-02  5.8470e-02  6.5584e-02  7.6454e-02  9.1020e-02
  1.0560e-01  1.2018e-01  1.3403e-01  1.4539e-01  1.5425e-01  1.6135e-01
  1.6843e-01  1.7410e-01  1.7761e-01  1.7896e-01  1.7957e-01  1.7995e-01
  1.7867e-01  1.7575e-01  1.7142e-01  1.6793e-01  1.6768e-01  1.7062e-01
  1.7592e-01  1.8255e-01  1.9159e-01  2.0299e-01  2.1534e-01  2.2880e-01
  2.4368e-01  2.5997e-01  2.7642e-01  3.0087e-01  3.3485e-01  3.7836e-01
  4.2814e-01  4.8456e-01  5.4772e-01  6.1489e-01  6.8598e-01  7.6109e-01
  8.3552e-01  9.0339e-01  9.6480e-01  1.0225e+00  1.0810e+00  1.1401e+00
  1.2002e+00  1.2610e+00  1.3213e+00  1.3792e+00  1.4296e+00  1.4715e+00
  1.5249e+00  1.6023e+00  1.6754e+00  1.7171e+00  1.6891e+00  1.6386e+00
  1.5998e+00  1.6153e+00  1.6523e+00  1.6763e+00  1.6813e+00  1.7150e+00
  1.7937e+00  1.9156e+00  2.0300e+00  2.1084e+00  2.0924e+00  2.0111e+00
  1.8995e+00  1.8333e+00  1.8025e+00  1.7933e+00  1.7844e+00  1.7758e+00
  1.7674e+00  1.7591e+00  1.7529e+00  1.7488e+00  1.7501e+00  1.7581e+00
  1.7730e+00
# CH4 profile (VMR-PPMV) for lat 10. degrees, month 04:
  7.3070e-03  7.5357e-03  7.7757e-03  8.0373e-03  8.3183e-03  8.6240e-03
  8.9650e-03  9.3423e-03  9.7677e-03  1.0233e-02  1.0753e-02  1.1327e-02
  1.1960e-02  1.2643e-02  1.3380e-02  1.4180e-02  1.5047e-02  1.5977e-02
  1.6963e-02  1.8033e-02  1.9197e-02  2.0447e-02  2.1773e-02  2.3183e-02
  2.4693e-02  2.6307e-02  2.8030e-02  2.9863e-02  3.1817e-02  3.3890e-02
  3.6093e-02  3.8430e-02  4.0887e-02  4.3470e-02  4.6183e-02  4.9033e-02
  5.2023e-02  5.5160e-02  5.8470e-02  6.5949e-02  7.7538e-02  9.3175e-02
  1.0883e-01  1.2451e-01  1.4020e-01  1.5280e-01  1.6212e-01  1.6817e-01
  1.7404e-01  1.7906e-01  1.8123e-01  1.8056e-01  1.7790e-01  1.7527e-01
  1.7235e-01  1.6902e-01  1.6529e-01  1.6150e-01  1.6021e-01  1.6185e-01
  1.6640e-01  1.7177e-01  1.7960e-01  1.8982e-01  2.0201e-01  2.1431e-01
  2.2714e-01  2.4055e-01  2.5426e-01  2.7045e-01  2.9302e-01  3.2198e-01
  3.5904e-01  4.1184e-01  4.8055e-01  5.6054e-01  6.3736e-01  7.1101e-01
  7.8194e-01  8.4704e-01  9.0634e-01  9.5986e-01  1.0202e+00  1.0879e+00
  1.1633e+00  1.2308e+00  1.2907e+00  1.3446e+00  1.4009e+00  1.4559e+00
  1.5121e+00  1.5804e+00  1.6493e+00  1.6901e+00  1.6807e+00  1.6260e+00
  1.5914e+00  1.5920e+00  1.6330e+00  1.6577e+00  1.6810e+00  1.7250e+00
  1.8163e+00  1.9191e+00  2.0107e+00  2.0725e+00  2.0844e+00  2.0314e+00
  1.9203e+00  1.8324e+00  1.7871e+00  1.7852e+00  1.7833e+00  1.7815e+00
  1.7797e+00  1.7779e+00  1.7782e+00  1.7813e+00  1.7840e+00  1.7815e+00
  1.7730e+00
# CH4 profile (VMR-PPMV) for lat 45 degrees, month 04:
  1.7820e-02  1.8203e-02  1.8603e-02  1.9030e-02  1.9490e-02  1.9983e-02
  2.0520e-02  2.1087e-02  2.1700e-02  2.2363e-02  2.3087e-02  2.3863e-02
  2.4700e-02  2.5607e-02  2.6583e-02  2.7623e-02  2.8753e-02  2.9980e-02
  3.1297e-02  3.2670e-02  3.4120e-02  3.5667e-02  3.7323e-02  3.9090e-02
  4.0963e-02  4.2947e-02  4.5037e-02  4.7237e-02  4.9550e-02  5.1977e-02
  5.4500e-02  5.7120e-02  5.9833e-02  6.2640e-02  6.5537e-02  6.8527e-02
  7.1627e-02  7.4827e-02  7.8130e-02  8.1541e-02  8.5024e-02  8.8520e-02
  9.1970e-02  9.5372e-02  9.8732e-02  1.0206e-01  1.0536e-01  1.0854e-01
  1.1154e-01  1.1434e-01  1.1705e-01  1.1975e-01  1.2188e-01  1.2337e-01
  1.2425e-01  1.2506e-01  1.2621e-01  1.2837e-01  1.3155e-01  1.3540e-01
  1.4007e-01  1.4661e-01  1.5502e-01  1.6438e-01  1.7335e-01  1.8176e-01
  1.8966e-01  1.9733e-01  2.0643e-01  2.1739e-01  2.3025e-01  2.4351e-01
  2.6112e-01  2.8629e-01  3.1906e-01  3.5694e-01  4.0019e-01  4.4906e-01
  4.9967e-01  5.4290e-01  5.7856e-01  6.0699e-01  6.2844e-01  6.4287e-01
  6.5547e-01  6.8551e-01  7.3340e-01  7.9558e-01  8.5790e-01  9.2219e-01
  9.9899e-01  1.0865e+00  1.1727e+00  1.2458e+00  1.3033e+00  1.3487e+00
  1.3650e+00  1.3566e+00  1.3297e+00  1.3420e+00  1.4050e+00  1.5227e+00
  1.6317e+00  1.7240e+00  1.7979e+00  1.8448e+00  1.8537e+00  1.8046e+00
  1.7563e+00  1.7303e+00  1.7513e+00  1.7764e+00  1.7804e+00  1.7763e+00
  1.7807e+00  1.8046e+00  1.8245e+00  1.8418e+00  1.8538e+00  1.8616e+00
  1.8640e+00
# CH4 profile (VMR-PPMV) for lat 75 degrees, month 04:
  1.6840e-02  1.7150e-02  1.7467e-02  1.7810e-02  1.8190e-02  1.8613e-02
  1.9077e-02  1.9580e-02  2.0130e-02  2.0717e-02  2.1360e-02  2.2053e-02
  2.2810e-02  2.3610e-02  2.4470e-02  2.5373e-02  2.6343e-02  2.7360e-02
  2.8467e-02  2.9640e-02  3.0877e-02  3.2170e-02  3.3527e-02  3.4963e-02
  3.6460e-02  3.8027e-02  3.9660e-02  4.1433e-02  4.3280e-02  4.5200e-02
  4.7140e-02  4.9117e-02  5.1167e-02  5.3287e-02  5.5493e-02  5.7760e-02
  6.0073e-02  6.2483e-02  6.4953e-02  6.5298e-02  6.3518e-02  5.9635e-02
  5.5829e-02  5.2078e-02  4.8378e-02  4.4723e-02  4.1115e-02  3.8372e-02
  3.7354e-02  3.8037e-02  3.9589e-02  4.1129e-02  4.2591e-02  4.3975e-02
  4.5285e-02  4.6588e-02  4.8509e-02  5.1413e-02  5.5283e-02  5.9494e-02
  6.4294e-02  6.9852e-02  7.6122e-02  8.2485e-02  8.9436e-02  9.7055e-02
  1.0532e-01  1.1357e-01  1.2290e-01  1.3361e-01  1.4569e-01  1.5801e-01
  1.7216e-01  1.9075e-01  2.1387e-01  2.3973e-01  2.6785e-01  2.9823e-01
  3.3090e-01  3.6226e-01  3.9136e-01  4.1832e-01  4.4522e-01  4.7389e-01
  5.0420e-01  5.3896e-01  5.8451e-01  6.4096e-01  7.0618e-01  7.7711e-01
  8.5346e-01  9.3261e-01  1.0092e+00  1.0661e+00  1.1047e+00  1.1374e+00
  1.1816e+00  1.2115e+00  1.2127e+00  1.1881e+00  1.1761e+00  1.2075e+00
  1.2808e+00  1.3774e+00  1.4568e+00  1.5400e+00  1.6281e+00  1.6982e+00
  1.7239e+00  1.7071e+00  1.6836e+00  1.6706e+00  1.6877e+00  1.7070e+00
  1.7311e+00  1.7711e+00  1.8216e+00  1.8664e+00  1.8607e+00  1.8196e+00
  1.7430e+00
# Last line of file.
