21-JAN-2014 12:02:22.000000
# V5 INTERIM FILE generated by J.J. Remedios and H. Sembhi
# HITRAN code of the gas:
 61
# DN:
1 1 1 1 1 1
# CLONO2 profile (VMR-PPMV) for lat -75.0 degrees, month 04:
  6.4170e-16  7.4073e-16  8.5097e-16  9.8850e-16  1.1631e-15  1.3883e-15
  1.6780e-15  2.0470e-15  2.5323e-15  3.1550e-15  3.9927e-15  5.1043e-15
  6.6063e-15  8.6000e-15  1.1307e-14  1.4917e-14  1.9870e-14  2.6557e-14
  3.6003e-14  4.9097e-14  6.6980e-14  9.1593e-14  1.2562e-13  1.7297e-13
  2.3823e-13  3.2830e-13  4.5240e-13  6.3367e-13  8.8287e-13  1.2243e-12
  1.6870e-12  2.3040e-12  3.1440e-12  4.2910e-12  5.8390e-12  7.9100e-12
  1.0670e-11  1.4400e-11  1.9333e-11  2.5780e-11  3.4643e-11  5.5660e-11
  8.8143e-11  1.3072e-10  1.7315e-10  2.1549e-10  2.5780e-10  3.0002e-10
  3.4215e-10  3.8422e-10  4.6535e-10  6.2959e-10  8.7584e-10  1.1647e-09
  1.4508e-09  1.9886e-09  2.7972e-09  3.8742e-09  4.9639e-09  6.4505e-09
  8.8626e-09  1.2189e-08  1.6025e-08  2.1735e-08  3.0835e-08  4.3328e-08
  5.7315e-08  8.7148e-08  1.3534e-07  2.0178e-07  2.7054e-07  4.1068e-07
  6.2332e-07  9.0908e-07  1.2347e-06  2.0364e-06  3.3244e-06  5.2830e-06
  9.6473e-06  1.6420e-05  2.6695e-05  4.5024e-05  7.1579e-05  1.0836e-04
  1.5613e-04  2.1515e-04  2.8166e-04  3.4761e-04  4.1282e-04  4.6641e-04
  5.0346e-04  5.1955e-04  5.2409e-04  5.2456e-04  5.2607e-04  5.3158e-04
  5.3937e-04  5.4569e-04  5.4895e-04  5.3546e-04  5.0201e-04  4.4260e-04
  3.6412e-04  2.7675e-04  1.9276e-04  1.2832e-04  8.2424e-05  5.3559e-05
  3.4107e-05  2.1910e-05  1.4041e-05  8.9159e-06  5.9320e-06  4.0992e-06
  2.8957e-06  1.9370e-06  1.1979e-06  7.1550e-07  5.1127e-07  3.7017e-07
  2.6330e-07
# CLONO2 profile (VMR-PPMV) for lat -45.0 degrees, month 04:
  2.6737e-17  3.2836e-17  4.0075e-17  4.9309e-17  6.1439e-17  7.7308e-17
  9.8513e-17  1.2642e-16  1.6446e-16  2.1735e-16  2.9142e-16  3.9489e-16
  5.4270e-16  7.5702e-16  1.0668e-15  1.5158e-15  2.1966e-15  3.2287e-15
  4.7806e-15  7.0733e-15  1.0536e-14  1.5847e-14  2.4034e-14  3.6723e-14
  5.6365e-14  8.6833e-14  1.3418e-13  2.0745e-13  3.2101e-13  4.9654e-13
  7.6484e-13  1.1733e-12  1.7917e-12  2.7203e-12  4.1066e-12  6.1709e-12
  9.2389e-12  1.3761e-11  2.0407e-11  3.0158e-11  5.6422e-11  9.8212e-11
  1.5395e-10  2.0954e-10  2.6490e-10  3.2006e-10  3.7502e-10  4.7228e-10
  6.7343e-10  9.7853e-10  1.3434e-09  1.7060e-09  2.3974e-09  3.5206e-09
  5.0709e-09  6.7151e-09  8.7939e-09  1.2430e-08  1.7617e-08  2.3897e-08
  3.2210e-08  4.5549e-08  6.3841e-08  8.5001e-08  1.1593e-07  1.6292e-07
  2.2575e-07  2.9447e-07  3.9861e-07  5.5338e-07  7.5827e-07  9.7769e-07
  1.4186e-06  2.1935e-06  3.3033e-06  6.2911e-06  1.2839e-05  2.2991e-05
  3.7977e-05  6.2658e-05  9.7080e-05  1.4059e-04  1.9400e-04  2.5771e-04
  3.2754e-04  3.9089e-04  4.4740e-04  4.9634e-04  5.3812e-04  5.7298e-04
  6.0400e-04  6.3522e-04  6.6519e-04  6.8653e-04  6.9101e-04  6.7083e-04
  6.2258e-04  5.5087e-04  4.6163e-04  3.6732e-04  2.7897e-04  2.0490e-04
  1.4897e-04  1.0732e-04  7.6272e-05  5.3147e-05  3.6228e-05  2.4533e-05
  1.6113e-05  1.0222e-05  6.5561e-06  4.1657e-06  2.7386e-06  1.9490e-06
  1.3944e-06  9.5516e-07  6.0728e-07  3.6493e-07  2.4107e-07  1.5990e-07
  1.0105e-07
# CLONO2 profile (VMR-PPMV) for lat -10. degrees, month 04:
  1.0000e-10  1.0000e-10  1.0000e-10  1.0000e-10  1.0000e-10  1.0000e-10
  1.0000e-10  1.0000e-10  1.0000e-10  1.0000e-10  1.0000e-10  1.0000e-10
  1.0000e-10  1.0000e-10  1.0000e-10  1.0000e-10  1.0000e-10  1.0000e-10
  1.0000e-10  1.0000e-10  1.0000e-10  1.0000e-10  1.0000e-10  1.0000e-10
  1.0000e-10  1.0000e-10  1.0000e-10  1.0000e-10  1.0000e-10  1.0000e-10
  1.0000e-10  1.0000e-10  1.0000e-10  1.0000e-10  1.0000e-10  1.0000e-10
  1.0000e-10  1.0000e-10  1.0000e-10  1.0066e-10  1.0199e-10  1.0397e-10
  1.0596e-10  1.0795e-10  1.0994e-10  1.1053e-10  1.0913e-10  1.0574e-10
  1.0179e-10  9.8014e-11  9.5467e-11  9.4143e-11  9.3861e-11  9.3583e-11
  9.3342e-11  9.3153e-11  9.3014e-11  9.2892e-11  9.2768e-11  9.2643e-11
  9.2516e-11  9.2357e-11  9.1010e-11  8.8492e-11  8.4848e-11  8.5342e-11
  1.1702e-10  1.7959e-10  2.6880e-10  5.4170e-10  2.1376e-09  5.0540e-09
  1.4962e-08  9.8350e-08  2.5545e-07  4.8054e-07  2.3767e-06  5.9578e-06
  1.1235e-05  2.0512e-05  3.3971e-05  5.1645e-05  7.8085e-05  1.1334e-04
  1.5760e-04  2.0342e-04  2.5097e-04  2.9954e-04  3.4797e-04  3.8671e-04
  4.1570e-04  4.2260e-04  4.1531e-04  3.8699e-04  3.4876e-04  2.9945e-04
  2.4873e-04  2.0092e-04  1.6094e-04  1.2894e-04  1.0248e-04  7.9119e-05
  5.6288e-05  3.6915e-05  2.2291e-05  1.3425e-05  7.5974e-06  4.0366e-06
  2.1798e-06  1.5115e-06  1.4764e-06  1.7561e-06  2.0624e-06  2.3620e-06
  2.6528e-06  2.9388e-06  3.3459e-06  3.8507e-06  4.4597e-06  5.1890e-06
  6.0650e-06
# CLONO2 profile (VMR-PPMV) for lat 10. degrees, month 04:
  1.0000e-10  1.0000e-10  1.0000e-10  1.0000e-10  1.0000e-10  1.0000e-10
  1.0000e-10  1.0000e-10  1.0000e-10  1.0000e-10  1.0000e-10  1.0000e-10
  1.0000e-10  1.0000e-10  1.0000e-10  1.0000e-10  1.0000e-10  1.0000e-10
  1.0000e-10  1.0000e-10  1.0000e-10  1.0000e-10  1.0000e-10  1.0000e-10
  1.0000e-10  1.0000e-10  1.0000e-10  1.0000e-10  1.0000e-10  1.0000e-10
  1.0000e-10  1.0000e-10  1.0000e-10  1.0000e-10  1.0000e-10  1.0000e-10
  1.0000e-10  1.0000e-10  1.0000e-10  1.0010e-10  1.0030e-10  1.0060e-10
  1.0090e-10  1.0120e-10  1.0150e-10  1.0129e-10  1.0030e-10  9.8523e-11
  9.6480e-11  9.4534e-11  9.3195e-11  9.2463e-11  9.2247e-11  9.2034e-11
  9.1837e-11  9.1661e-11  9.1505e-11  9.1357e-11  9.1207e-11  9.1054e-11
  9.0898e-11  9.0710e-11  8.9899e-11  8.8474e-11  8.6475e-11  8.8080e-11
  1.0918e-10  1.4962e-10  2.0567e-10  4.8919e-10  1.7180e-09  3.8903e-09
  1.8812e-08  8.5395e-08  2.0395e-07  6.2372e-07  2.3724e-06  5.4592e-06
  1.0700e-05  2.0255e-05  3.4171e-05  5.3636e-05  8.0429e-05  1.1459e-04
  1.5570e-04  2.0164e-04  2.5330e-04  3.1011e-04  3.6679e-04  4.1577e-04
  4.5086e-04  4.6263e-04  4.5332e-04  4.2059e-04  3.7670e-04  3.2607e-04
  2.7477e-04  2.2581e-04  1.8127e-04  1.4432e-04  1.1227e-04  8.3861e-05
  5.7844e-05  3.7384e-05  2.2420e-05  1.3106e-05  6.8595e-06  3.3685e-06
  1.9671e-06  1.5518e-06  1.6245e-06  1.9090e-06  2.1838e-06  2.4525e-06
  2.7130e-06  2.9689e-06  3.3558e-06  3.8507e-06  4.4597e-06  5.1890e-06
  6.0650e-06
# CLONO2 profile (VMR-PPMV) for lat 45 degrees, month 04:
  2.6737e-17  3.2836e-17  4.0075e-17  4.9309e-17  6.1439e-17  7.7308e-17
  9.8513e-17  1.2642e-16  1.6446e-16  2.1735e-16  2.9142e-16  3.9489e-16
  5.4270e-16  7.5702e-16  1.0668e-15  1.5158e-15  2.1966e-15  3.2287e-15
  4.7806e-15  7.0733e-15  1.0536e-14  1.5847e-14  2.4034e-14  3.6723e-14
  5.6365e-14  8.6833e-14  1.3418e-13  2.0745e-13  3.2101e-13  4.9654e-13
  7.6484e-13  1.1733e-12  1.7917e-12  2.7203e-12  4.1066e-12  6.1709e-12
  9.2389e-12  1.3761e-11  2.0407e-11  4.5428e-11  8.8007e-11  1.4685e-10
  2.0491e-10  2.6217e-10  3.1871e-10  3.7474e-10  4.3032e-10  5.2824e-10
  7.4372e-10  1.0755e-09  1.4803e-09  1.8821e-09  2.6321e-09  3.8609e-09
  5.5658e-09  7.3940e-09  9.6308e-09  1.3652e-08  1.9441e-08  2.6564e-08
  3.5995e-08  5.1041e-08  7.1702e-08  9.5472e-08  1.2898e-07  1.7852e-07
  2.4415e-07  3.1568e-07  4.1404e-07  5.5438e-07  7.3680e-07  9.3367e-07
  1.6623e-06  3.3526e-06  6.0047e-06  1.0275e-05  1.7331e-05  2.7233e-05
  4.0778e-05  5.9996e-05  8.4901e-05  1.1624e-04  1.5394e-04  1.9813e-04
  2.4804e-04  3.0222e-04  3.6089e-04  4.2380e-04  4.9205e-04  5.6561e-04
  6.4369e-04  7.1896e-04  7.7967e-04  8.1842e-04  8.2357e-04  8.0171e-04
  7.4617e-04  6.7013e-04  5.7161e-04  4.6245e-04  3.4997e-04  2.4969e-04
  1.7300e-04  1.1876e-04  8.1633e-05  5.5146e-05  3.6629e-05  2.4319e-05
  1.5488e-05  9.8470e-06  6.2838e-06  4.0918e-06  2.8116e-06  1.9656e-06
  1.3955e-06  9.5526e-07  6.0729e-07  3.6493e-07  2.4107e-07  1.5990e-07
  1.0105e-07
# CLONO2 profile (VMR-PPMV) for lat 75 degrees, month 04:
  6.6500e-23  9.1033e-23  1.2167e-22  1.6690e-22  2.3530e-22  3.4123e-22
  5.0860e-22  7.7247e-22  1.2094e-21  1.9187e-21  3.1500e-21  5.2853e-21
  9.0807e-21  1.5774e-20  2.8040e-20  5.0053e-20  9.1357e-20  1.6776e-19
  3.1843e-19  6.1050e-19  1.1641e-18  2.2417e-18  4.3463e-18  8.4780e-18
  1.6540e-17  3.2310e-17  6.3100e-17  1.2868e-16  2.5637e-16  5.0367e-16
  9.8443e-16  1.8782e-15  3.5890e-15  6.8900e-15  1.3067e-14  2.4563e-14
  4.5863e-14  8.5780e-14  1.5822e-13  6.7678e-12  1.9692e-11  3.8836e-11
  5.7599e-11  7.6088e-11  9.4332e-11  1.1235e-10  1.3014e-10  1.4770e-10
  1.6505e-10  1.9072e-10  3.1252e-10  5.2967e-10  8.3338e-10  1.1347e-09
  1.8641e-09  3.3096e-09  5.4647e-09  7.8935e-09  1.2101e-08  2.1185e-08
  3.5059e-08  5.1907e-08  8.8132e-08  1.5400e-07  2.4912e-07  3.5382e-07
  5.5219e-07  8.6008e-07  1.2759e-06  1.7052e-06  2.4998e-06  3.7311e-06
  5.3993e-06  7.1409e-06  9.8561e-06  1.3929e-05  1.9371e-05  2.6876e-05
  3.7150e-05  5.0263e-05  6.7418e-05  8.9875e-05  1.1760e-04  1.5258e-04
  1.9477e-04  2.4441e-04  3.0384e-04  3.7297e-04  4.5177e-04  5.2733e-04
  5.9575e-04  6.5173e-04  6.9845e-04  7.3001e-04  7.4599e-04  7.4485e-04
  7.2967e-04  7.0487e-04  6.7231e-04  6.3479e-04  5.8728e-04  5.1980e-04
  4.2609e-04  3.0497e-04  1.9298e-04  1.0629e-04  5.9692e-05  3.2211e-05
  1.7322e-05  9.4410e-06  5.3479e-06  3.6203e-06  2.5109e-06  1.8673e-06
  1.5109e-06  1.0455e-06  6.9334e-07  4.0000e-07  3.7333e-07  3.5333e-07
  3.4000e-07
# CLONO2 profile (VMR-PPMV) for lat -75.0 degrees, month 04:
  6.4170e-16  7.4073e-16  8.5097e-16  9.8850e-16  1.1631e-15  1.3883e-15
  1.6780e-15  2.0470e-15  2.5323e-15  3.1550e-15  3.9927e-15  5.1043e-15
  6.6063e-15  8.6000e-15  1.1307e-14  1.4917e-14  1.9870e-14  2.6557e-14
  3.6003e-14  4.9097e-14  6.6980e-14  9.1593e-14  1.2562e-13  1.7297e-13
  2.3823e-13  3.2830e-13  4.5240e-13  6.3367e-13  8.8287e-13  1.2243e-12
  1.6870e-12  2.3040e-12  3.1440e-12  4.2910e-12  5.8390e-12  7.9100e-12
  1.0670e-11  1.4400e-11  1.9333e-11  2.5780e-11  3.4643e-11  6.4430e-11
  1.1441e-10  1.8319e-10  2.5173e-10  3.2014e-10  3.8848e-10  4.5668e-10
  5.2476e-10  6.3620e-10  8.7697e-10  1.2466e-09  1.6998e-09  2.1633e-09
  3.1261e-09  4.5884e-09  6.5356e-09  8.4725e-09  1.1939e-08  1.7741e-08
  2.5882e-08  3.4793e-08  5.4305e-08  8.4988e-08  1.2687e-07  1.9736e-07
  3.2328e-07  5.0442e-07  7.1239e-07  1.0752e-06  1.6257e-06  2.3636e-06
  3.1361e-06  4.9362e-06  7.8012e-06  1.2081e-05  1.9827e-05  3.1022e-05
  4.7797e-05  7.6647e-05  1.1777e-04  1.7465e-04  2.4964e-04  3.4308e-04
  4.4879e-04  5.5449e-04  6.6004e-04  7.5781e-04  8.1358e-04  8.2568e-04
  7.8793e-04  7.3455e-04  6.7793e-04  6.3242e-04  6.0887e-04  5.9745e-04
  6.0304e-04  6.1637e-04  6.2653e-04  6.2265e-04  5.8682e-04  5.2312e-04
  4.3029e-04  3.3113e-04  2.3583e-04  1.6102e-04  1.0572e-04  6.8387e-05
  4.3727e-05  2.7530e-05  1.8062e-05  1.1653e-05  7.8320e-06  5.4893e-06
  3.8305e-06  2.4410e-06  1.3775e-06  7.1550e-07  5.1127e-07  3.7017e-07
  2.6330e-07
# CLONO2 profile (VMR-PPMV) for lat -45.0 degrees, month 04:
  2.6737e-17  3.2836e-17  4.0075e-17  4.9309e-17  6.1439e-17  7.7308e-17
  9.8513e-17  1.2642e-16  1.6446e-16  2.1735e-16  2.9142e-16  3.9489e-16
  5.4270e-16  7.5702e-16  1.0668e-15  1.5158e-15  2.1966e-15  3.2287e-15
  4.7806e-15  7.0733e-15  1.0536e-14  1.5847e-14  2.4034e-14  3.6723e-14
  5.6365e-14  8.6833e-14  1.3418e-13  2.0745e-13  3.2101e-13  4.9654e-13
  7.6484e-13  1.1733e-12  1.7917e-12  2.7203e-12  4.1066e-12  6.1709e-12
  9.2389e-12  1.3761e-11  2.0407e-11  3.0158e-11  5.9821e-11  1.0841e-10
  1.7433e-10  2.4006e-10  3.0552e-10  3.7076e-10  4.3575e-10  5.8125e-10
  8.4874e-10  1.2383e-09  1.6671e-09  2.1032e-09  3.0653e-09  4.5500e-09
  6.5416e-09  8.5186e-09  1.1502e-08  1.6450e-08  2.3353e-08  3.1177e-08
  4.2888e-08  6.0993e-08  8.5396e-08  1.1214e-07  1.5604e-07  2.1921e-07
  3.0139e-07  3.9131e-07  5.4398e-07  7.5946e-07  1.0310e-06  1.3312e-06
  1.8676e-06  2.6418e-06  3.6250e-06  9.3111e-06  1.9858e-05  3.5325e-05
  6.3036e-05  1.0565e-04  1.6325e-04  2.3622e-04  3.2618e-04  4.3378e-04
  5.3686e-04  6.2912e-04  7.0959e-04  7.6919e-04  8.0982e-04  8.3123e-04
  8.5156e-04  8.6830e-04  8.7892e-04  8.7283e-04  8.4866e-04  7.9338e-04
  7.1629e-04  6.1250e-04  5.0158e-04  3.8897e-04  2.9410e-04  2.1836e-04
  1.6159e-04  1.1697e-04  8.2149e-05  5.7123e-05  3.9284e-05  2.6610e-05
  1.7464e-05  1.1016e-05  7.1209e-06  4.5523e-06  2.9886e-06  2.1181e-06
  1.4984e-06  1.0067e-06  6.2443e-07  3.6493e-07  2.4107e-07  1.5990e-07
  1.0105e-07
# CLONO2 profile (VMR-PPMV) for lat -10. degrees, month 04:
  1.0000e-10  1.0000e-10  1.0000e-10  1.0000e-10  1.0000e-10  1.0000e-10
  1.0000e-10  1.0000e-10  1.0000e-10  1.0000e-10  1.0000e-10  1.0000e-10
  1.0000e-10  1.0000e-10  1.0000e-10  1.0000e-10  1.0000e-10  1.0000e-10
  1.0000e-10  1.0000e-10  1.0000e-10  1.0000e-10  1.0000e-10  1.0000e-10
  1.0000e-10  1.0000e-10  1.0000e-10  1.0000e-10  1.0000e-10  1.0000e-10
  1.0000e-10  1.0000e-10  1.0000e-10  1.0000e-10  1.0000e-10  1.0000e-10
  1.0000e-10  1.0000e-10  1.0000e-10  1.0512e-10  1.1538e-10  1.3078e-10
  1.4619e-10  1.6160e-10  1.7496e-10  1.8145e-10  1.8106e-10  1.7586e-10
  1.7066e-10  1.6685e-10  1.6514e-10  1.6554e-10  1.6665e-10  1.6779e-10
  1.6920e-10  1.7089e-10  1.7282e-10  1.7475e-10  1.7677e-10  1.7889e-10
  1.8108e-10  1.8226e-10  1.8168e-10  1.7937e-10  1.7633e-10  2.2258e-10
  3.2928e-10  4.9592e-10  6.7287e-10  3.4900e-09  9.4363e-09  1.8505e-08
  1.6430e-07  4.9829e-07  1.0211e-06  4.1273e-06  1.1670e-05  2.3679e-05
  4.3491e-05  7.8259e-05  1.2822e-04  1.9146e-04  2.6943e-04  3.6210e-04
  4.6057e-04  5.4538e-04  6.1054e-04  6.5601e-04  6.8336e-04  6.9495e-04
  6.8630e-04  6.6101e-04  6.1435e-04  5.5319e-04  4.7693e-04  3.9558e-04
  3.1471e-04  2.4696e-04  1.9326e-04  1.5277e-04  1.1849e-04  8.7459e-05
  5.9328e-05  3.7223e-05  2.2078e-05  1.2874e-05  6.6868e-06  3.2333e-06
  1.9482e-06  1.5917e-06  1.6640e-06  1.9411e-06  2.2087e-06  2.4704e-06
  2.7245e-06  2.9745e-06  3.3577e-06  3.8507e-06  4.4597e-06  5.1890e-06
  6.0650e-06
# CLONO2 profile (VMR-PPMV) for lat 10. degrees, month 04:
  1.0000e-10  1.0000e-10  1.0000e-10  1.0000e-10  1.0000e-10  1.0000e-10
  1.0000e-10  1.0000e-10  1.0000e-10  1.0000e-10  1.0000e-10  1.0000e-10
  1.0000e-10  1.0000e-10  1.0000e-10  1.0000e-10  1.0000e-10  1.0000e-10
  1.0000e-10  1.0000e-10  1.0000e-10  1.0000e-10  1.0000e-10  1.0000e-10
  1.0000e-10  1.0000e-10  1.0000e-10  1.0000e-10  1.0000e-10  1.0000e-10
  1.0000e-10  1.0000e-10  1.0000e-10  1.0000e-10  1.0000e-10  1.0000e-10
  1.0000e-10  1.0000e-10  1.0000e-10  1.0529e-10  1.1588e-10  1.3175e-10
  1.4764e-10  1.6356e-10  1.7949e-10  1.8769e-10  1.8772e-10  1.7960e-10
  1.7107e-10  1.6352e-10  1.5924e-10  1.5821e-10  1.5949e-10  1.6076e-10
  1.6212e-10  1.6364e-10  1.6530e-10  1.6697e-10  1.6873e-10  1.7057e-10
  1.7251e-10  1.7412e-10  1.7379e-10  1.7152e-10  1.6768e-10  2.2067e-10
  4.1967e-10  7.6366e-10  1.1946e-09  4.3623e-09  1.4369e-08  3.1202e-08
  1.3347e-07  5.3476e-07  1.2369e-06  3.1011e-06  1.2099e-05  2.8281e-05
  5.0888e-05  8.8888e-05  1.4245e-04  2.1153e-04  2.8952e-04  3.7705e-04
  4.7459e-04  5.6198e-04  6.3703e-04  6.8972e-04  7.2893e-04  7.4739e-04
  7.4970e-04  7.2777e-04  6.8641e-04  6.2367e-04  5.4684e-04  4.5657e-04
  3.6609e-04  2.8486e-04  2.2016e-04  1.6900e-04  1.2687e-04  9.1233e-05
  6.0054e-05  3.7092e-05  2.1371e-05  1.2458e-05  6.5107e-06  3.3044e-06
  2.0366e-06  1.6301e-06  1.6758e-06  1.9512e-06  2.2171e-06  2.4772e-06
  2.7293e-06  2.9770e-06  3.3585e-06  3.8507e-06  4.4597e-06  5.1890e-06
  6.0650e-06
# CLONO2 profile (VMR-PPMV) for lat 45 degrees, month 04:
  2.6737e-17  3.2836e-17  4.0075e-17  4.9309e-17  6.1439e-17  7.7308e-17
  9.8513e-17  1.2642e-16  1.6446e-16  2.1735e-16  2.9142e-16  3.9489e-16
  5.4270e-16  7.5702e-16  1.0668e-15  1.5158e-15  2.1966e-15  3.2287e-15
  4.7806e-15  7.0733e-15  1.0536e-14  1.5847e-14  2.4034e-14  3.6723e-14
  5.6365e-14  8.6833e-14  1.3418e-13  2.0745e-13  3.2101e-13  4.9654e-13
  7.6484e-13  1.1733e-12  1.7917e-12  2.7203e-12  4.1066e-12  6.1709e-12
  9.2389e-12  1.3761e-11  2.0407e-11  5.4076e-11  1.1388e-10  1.9840e-10
  2.8180e-10  3.6404e-10  4.4525e-10  5.2574e-10  6.0557e-10  7.8328e-10
  1.1307e-09  1.6461e-09  2.2301e-09  2.8099e-09  4.0471e-09  6.0119e-09
  8.7002e-09  1.1448e-08  1.5078e-08  2.1439e-08  3.0505e-08  4.1355e-08
  5.6131e-08  7.9704e-08  1.1207e-07  1.4899e-07  2.0547e-07  2.8968e-07
  4.0174e-07  5.2133e-07  7.1756e-07  1.0150e-06  1.4139e-06  1.8359e-06
  3.3795e-06  6.8574e-06  1.2271e-05  2.0627e-05  3.4855e-05  5.5080e-05
  8.2514e-05  1.2316e-04  1.7706e-04  2.4438e-04  3.2516e-04  4.1967e-04
  5.2373e-04  6.2317e-04  7.1822e-04  8.0741e-04  8.8107e-04  9.3794e-04
  9.7711e-04  1.0100e-03  1.0260e-03  1.0238e-03  9.9327e-04  9.4149e-04
  8.6129e-04  7.6337e-04  6.4715e-04  5.1887e-04  3.8778e-04  2.6849e-04
  1.7967e-04  1.1906e-04  8.0206e-05  5.3676e-05  3.5498e-05  2.3693e-05
  1.5112e-05  9.6030e-06  6.1201e-06  3.9334e-06  2.6748e-06  1.8649e-06
  1.3348e-06  9.2516e-07  5.9728e-07  3.6493e-07  2.4107e-07  1.5990e-07
  1.0105e-07
# CLONO2 profile (VMR-PPMV) for lat 75 degrees, month 04:
  6.6500e-23  9.1033e-23  1.2167e-22  1.6690e-22  2.3530e-22  3.4123e-22
  5.0860e-22  7.7247e-22  1.2094e-21  1.9187e-21  3.1500e-21  5.2853e-21
  9.0807e-21  1.5774e-20  2.8040e-20  5.0053e-20  9.1357e-20  1.6776e-19
  3.1843e-19  6.1050e-19  1.1641e-18  2.2417e-18  4.3463e-18  8.4780e-18
  1.6540e-17  3.2310e-17  6.3100e-17  1.2868e-16  2.5637e-16  5.0367e-16
  9.8443e-16  1.8782e-15  3.5890e-15  6.8900e-15  1.3067e-14  2.4563e-14
  4.5863e-14  8.5780e-14  1.5822e-13  1.8188e-11  5.3584e-11  1.0611e-10
  1.5760e-10  2.0833e-10  2.5839e-10  3.0782e-10  3.5663e-10  4.9934e-10
  8.3535e-10  1.3639e-09  1.9893e-09  2.6477e-09  4.8975e-09  8.7195e-09
  1.4075e-08  1.9400e-08  3.2046e-08  5.6315e-08  9.2040e-08  1.3185e-07
  2.2705e-07  3.9148e-07  6.2326e-07  8.6647e-07  1.3114e-06  1.9719e-06
  2.8452e-06  3.7250e-06  5.4322e-06  8.1522e-06  1.1884e-05  1.5794e-05
  2.1003e-05  2.9363e-05  4.0909e-05  5.4373e-05  7.4754e-05  1.0213e-04
  1.3654e-04  1.7741e-04  2.2822e-04  2.8936e-04  3.5613e-04  4.2738e-04
  5.0280e-04  5.8118e-04  6.6003e-04  7.3943e-04  8.1590e-04  8.7631e-04
  9.2013e-04  9.4856e-04  9.7385e-04  9.8355e-04  9.7959e-04  9.5509e-04
  9.2256e-04  8.8539e-04  8.5181e-04  8.1946e-04  7.7799e-04  7.1159e-04
  6.1080e-04  4.8118e-04  3.4002e-04  2.1762e-04  1.2345e-04  6.7852e-05
  3.5318e-05  2.0233e-05  1.1663e-05  7.2658e-06  4.9479e-06  3.5448e-06
  2.5783e-06  1.5896e-06  8.4307e-07  4.0000e-07  3.7333e-07  3.5333e-07
  3.4000e-07
# Last line of file.
