30-OCT-2015 11:44:33.000000
# V5.1 FILE generated by J.J. Remedios and D. Moore
# HITRAN code of the gas:
 11
# DN:
0 0 0 0 0 0
# NH3 profile (VMR-PPMV) for lat -75.0 degrees, month 10:
  7.7922e-08  7.7922e-08  7.7922e-08  7.7922e-08  7.7922e-08  7.7922e-08
  7.7922e-08  7.7922e-08  7.7922e-08  7.7922e-08  7.7922e-08  7.7922e-08
  7.7922e-08  7.7922e-08  7.7922e-08  7.7922e-08  7.7922e-08  7.7922e-08
  7.7922e-08  7.7922e-08  7.7922e-08  7.7922e-08  7.7922e-08  7.7922e-08
  7.7922e-08  7.7922e-08  7.7922e-08  7.7922e-08  7.7922e-08  7.7922e-08
  7.7922e-08  7.7922e-08  7.7922e-08  7.7922e-08  7.7922e-08  7.7922e-08
  7.7922e-08  7.7922e-08  7.7922e-08  7.7922e-08  7.7922e-08  7.7922e-08
  7.7922e-08  7.7922e-08  7.7922e-08  7.7922e-08  7.7922e-08  7.7922e-08
  7.7922e-08  7.7922e-08  7.7922e-08  7.7922e-08  7.7922e-08  7.7922e-08
  7.7922e-08  7.7922e-08  7.7922e-08  7.7922e-08  7.7922e-08  7.7922e-08
  7.7922e-08  7.7922e-08  7.7781e-08  7.7644e-08  7.7511e-08  7.7380e-08
  7.7250e-08  7.7119e-08  7.6984e-08  7.6843e-08  7.6694e-08  7.6538e-08
  7.6373e-08  7.6194e-08  7.6001e-08  7.5788e-08  7.5560e-08  7.5321e-08
  7.5082e-08  7.4853e-08  7.4644e-08  7.4455e-08  7.4285e-08  7.4122e-08
  7.3953e-08  7.3759e-08  7.3515e-08  7.3195e-08  7.2781e-08  7.2273e-08
  7.1690e-08  7.1054e-08  7.0354e-08  6.9493e-08  6.8263e-08  6.6356e-08
  6.3428e-08  5.9239e-08  5.3765e-08  4.7198e-08  3.9833e-08  3.1996e-08
  2.4160e-08  1.6935e-08  1.0918e-08  6.4048e-09  3.3634e-09  1.5313e-09
  5.7737e-10  1.7160e-10  4.9230e-11  5.3938e-11  2.1752e-10  1.4152e-09
  1.0323e-08  4.9909e-08  1.8252e-07  4.5978e-07  8.7130e-07  1.3256e-06
  1.7643e-06
# NH3 profile (VMR-PPMV) for lat -45.0 degrees, month 10:
  7.6911e-08  7.6911e-08  7.6911e-08  7.6911e-08  7.6911e-08  7.6911e-08
  7.6911e-08  7.6911e-08  7.6911e-08  7.6911e-08  7.6911e-08  7.6911e-08
  7.6911e-08  7.6911e-08  7.6911e-08  7.6911e-08  7.6911e-08  7.6911e-08
  7.6911e-08  7.6911e-08  7.6911e-08  7.6911e-08  7.6911e-08  7.6911e-08
  7.6911e-08  7.6911e-08  7.6911e-08  7.6911e-08  7.6911e-08  7.6911e-08
  7.6911e-08  7.6911e-08  7.6911e-08  7.6911e-08  7.6911e-08  7.6911e-08
  7.6911e-08  7.6911e-08  7.6911e-08  7.6911e-08  7.6911e-08  7.6911e-08
  7.6911e-08  7.6911e-08  7.6911e-08  7.6911e-08  7.6911e-08  7.6911e-08
  7.6911e-08  7.6911e-08  7.6911e-08  7.6911e-08  7.6911e-08  7.6911e-08
  7.6911e-08  7.6911e-08  7.6911e-08  7.6911e-08  7.6911e-08  7.6911e-08
  7.6911e-08  7.6911e-08  7.6769e-08  7.6629e-08  7.6488e-08  7.6344e-08
  7.6194e-08  7.6032e-08  7.5857e-08  7.5665e-08  7.5455e-08  7.5218e-08
  7.4950e-08  7.4635e-08  7.4272e-08  7.3851e-08  7.3379e-08  7.2861e-08
  7.2318e-08  7.1767e-08  7.1230e-08  7.0717e-08  7.0229e-08  6.9746e-08
  6.9235e-08  6.8644e-08  6.7906e-08  6.6937e-08  6.5645e-08  6.3970e-08
  6.1867e-08  5.9305e-08  5.6262e-08  5.2778e-08  4.8961e-08  4.4958e-08
  4.0873e-08  3.6720e-08  3.2439e-08  2.7943e-08  2.3210e-08  1.8362e-08
  1.3715e-08  9.6632e-09  6.5129e-09  4.2896e-09  2.8688e-09  2.1512e-09
  2.3700e-09  4.2056e-09  8.6595e-09  1.7132e-08  3.6049e-08  9.7142e-08
  3.7939e-07  1.6633e-06  5.8759e-06  1.5719e-05  4.2731e-05  9.6076e-05
  1.7287e-04
# NH3 profile (VMR-PPMV) for lat -10. degrees, month 10:
  7.7569e-08  7.7569e-08  7.7569e-08  7.7569e-08  7.7569e-08  7.7569e-08
  7.7569e-08  7.7569e-08  7.7569e-08  7.7569e-08  7.7569e-08  7.7569e-08
  7.7569e-08  7.7569e-08  7.7569e-08  7.7569e-08  7.7569e-08  7.7569e-08
  7.7569e-08  7.7569e-08  7.7569e-08  7.7569e-08  7.7569e-08  7.7569e-08
  7.7569e-08  7.7569e-08  7.7569e-08  7.7569e-08  7.7569e-08  7.7569e-08
  7.7569e-08  7.7569e-08  7.7569e-08  7.7569e-08  7.7569e-08  7.7569e-08
  7.7569e-08  7.7569e-08  7.7569e-08  7.7569e-08  7.7569e-08  7.7569e-08
  7.7569e-08  7.7569e-08  7.7569e-08  7.7569e-08  7.7569e-08  7.7569e-08
  7.7569e-08  7.7569e-08  7.7569e-08  7.7569e-08  7.7569e-08  7.7569e-08
  7.7569e-08  7.7569e-08  7.7569e-08  7.7569e-08  7.7569e-08  7.7569e-08
  7.7569e-08  7.7569e-08  7.7488e-08  7.7416e-08  7.7349e-08  7.7284e-08
  7.7217e-08  7.7140e-08  7.7052e-08  7.6946e-08  7.6821e-08  7.6676e-08
  7.6511e-08  7.6320e-08  7.6097e-08  7.5821e-08  7.5477e-08  7.5047e-08
  7.4544e-08  7.3999e-08  7.3478e-08  7.3030e-08  7.2692e-08  7.2432e-08
  7.2151e-08  7.1682e-08  7.0720e-08  6.8928e-08  6.6064e-08  6.2288e-08
  5.8073e-08  5.3932e-08  5.0108e-08  4.6554e-08  4.3156e-08  3.9892e-08
  3.6819e-08  3.3738e-08  3.0021e-08  2.4901e-08  1.8342e-08  1.1416e-08
  5.7091e-09  2.2200e-09  1.3553e-09  3.1951e-09  8.2259e-09  1.7362e-08
  3.4353e-08  6.7681e-08  1.2695e-07  2.1272e-07  3.1865e-07  4.5945e-07
  9.8024e-07  3.5786e-06  1.1276e-05  2.9355e-05  8.4548e-05  2.0087e-04
  3.7269e-04
# NH3 profile (VMR-PPMV) for lat 10. degrees, month 10:
  8.2183e-08  8.2183e-08  8.2183e-08  8.2183e-08  8.2183e-08  8.2183e-08
  8.2183e-08  8.2183e-08  8.2183e-08  8.2183e-08  8.2183e-08  8.2183e-08
  8.2183e-08  8.2183e-08  8.2183e-08  8.2183e-08  8.2183e-08  8.2183e-08
  8.2183e-08  8.2183e-08  8.2183e-08  8.2183e-08  8.2183e-08  8.2183e-08
  8.2183e-08  8.2183e-08  8.2183e-08  8.2183e-08  8.2183e-08  8.2183e-08
  8.2183e-08  8.2183e-08  8.2183e-08  8.2183e-08  8.2183e-08  8.2183e-08
  8.2183e-08  8.2183e-08  8.2183e-08  8.2183e-08  8.2183e-08  8.2183e-08
  8.2183e-08  8.2183e-08  8.2183e-08  8.2183e-08  8.2183e-08  8.2183e-08
  8.2183e-08  8.2183e-08  8.2183e-08  8.2183e-08  8.2183e-08  8.2183e-08
  8.2183e-08  8.2183e-08  8.2183e-08  8.2183e-08  8.2183e-08  8.2183e-08
  8.2183e-08  8.2183e-08  8.2370e-08  8.2540e-08  8.2688e-08  8.2799e-08
  8.2871e-08  8.2897e-08  8.2885e-08  8.2842e-08  8.2781e-08  8.2722e-08
  8.2685e-08  8.2717e-08  8.2861e-08  8.3195e-08  8.3775e-08  8.4656e-08
  8.5817e-08  8.7202e-08  8.8701e-08  9.0205e-08  9.1621e-08  9.2849e-08
  9.3790e-08  9.4325e-08  9.4371e-08  9.3928e-08  9.3090e-08  9.2050e-08
  9.1038e-08  9.0266e-08  8.9801e-08  8.9441e-08  8.8747e-08  8.7147e-08
  8.4065e-08  7.8702e-08  7.0033e-08  5.7315e-08  4.1464e-08  2.5353e-08
  1.2742e-08  7.1906e-09  1.0394e-08  2.3937e-08  4.8764e-08  9.2425e-08
  1.6860e-07  2.9686e-07  4.8662e-07  7.3773e-07  1.0450e-06  1.4479e-06
  2.1442e-06  4.1996e-06  1.4002e-05  4.7722e-05  1.6643e-04  4.2044e-04
  7.9336e-04
# NH3 profile (VMR-PPMV) for lat 45 degrees, month 10:
  8.3213e-08  8.3213e-08  8.3213e-08  8.3213e-08  8.3213e-08  8.3213e-08
  8.3213e-08  8.3213e-08  8.3213e-08  8.3213e-08  8.3213e-08  8.3213e-08
  8.3213e-08  8.3213e-08  8.3213e-08  8.3213e-08  8.3213e-08  8.3213e-08
  8.3213e-08  8.3213e-08  8.3213e-08  8.3213e-08  8.3213e-08  8.3213e-08
  8.3213e-08  8.3213e-08  8.3213e-08  8.3213e-08  8.3213e-08  8.3213e-08
  8.3213e-08  8.3213e-08  8.3213e-08  8.3213e-08  8.3213e-08  8.3213e-08
  8.3213e-08  8.3213e-08  8.3213e-08  8.3213e-08  8.3213e-08  8.3213e-08
  8.3213e-08  8.3213e-08  8.3213e-08  8.3213e-08  8.3213e-08  8.3213e-08
  8.3213e-08  8.3213e-08  8.3213e-08  8.3213e-08  8.3213e-08  8.3213e-08
  8.3213e-08  8.3213e-08  8.3213e-08  8.3213e-08  8.3213e-08  8.3213e-08
  8.3213e-08  8.3213e-08  8.3505e-08  8.3788e-08  8.4059e-08  8.4315e-08
  8.4559e-08  8.4788e-08  8.5008e-08  8.5218e-08  8.5424e-08  8.5632e-08
  8.5847e-08  8.6082e-08  8.6346e-08  8.6663e-08  8.7053e-08  8.7543e-08
  8.8158e-08  8.8910e-08  8.9803e-08  9.0816e-08  9.1927e-08  9.3112e-08
  9.4379e-08  9.5757e-08  9.7312e-08  9.9117e-08  1.0124e-07  1.0372e-07
  1.0655e-07  1.0965e-07  1.1282e-07  1.1574e-07  1.1797e-07  1.1914e-07
  1.1895e-07  1.1706e-07  1.1296e-07  1.0567e-07  9.4311e-08  7.8914e-08
  6.1873e-08  5.3724e-08  6.7646e-08  1.1079e-07  1.7332e-07  2.5523e-07
  3.6874e-07  5.3131e-07  7.3485e-07  9.7893e-07  1.2916e-06  1.7680e-06
  2.7069e-06  5.2411e-06  1.6492e-05  5.7936e-05  2.4210e-04  6.6938e-04
  1.3180e-03
# NH3 profile (VMR-PPMV) for lat 75 degrees, month 10:
  8.1118e-08  8.1118e-08  8.1118e-08  8.1118e-08  8.1118e-08  8.1118e-08
  8.1118e-08  8.1118e-08  8.1118e-08  8.1118e-08  8.1118e-08  8.1118e-08
  8.1118e-08  8.1118e-08  8.1118e-08  8.1118e-08  8.1118e-08  8.1118e-08
  8.1118e-08  8.1118e-08  8.1118e-08  8.1118e-08  8.1118e-08  8.1118e-08
  8.1118e-08  8.1118e-08  8.1118e-08  8.1118e-08  8.1118e-08  8.1118e-08
  8.1118e-08  8.1118e-08  8.1118e-08  8.1118e-08  8.1118e-08  8.1118e-08
  8.1118e-08  8.1118e-08  8.1118e-08  8.1118e-08  8.1118e-08  8.1118e-08
  8.1118e-08  8.1118e-08  8.1118e-08  8.1118e-08  8.1118e-08  8.1118e-08
  8.1118e-08  8.1118e-08  8.1118e-08  8.1118e-08  8.1118e-08  8.1118e-08
  8.1118e-08  8.1118e-08  8.1118e-08  8.1118e-08  8.1118e-08  8.1118e-08
  8.1118e-08  8.1118e-08  8.1217e-08  8.1315e-08  8.1408e-08  8.1498e-08
  8.1584e-08  8.1668e-08  8.1750e-08  8.1830e-08  8.1908e-08  8.1982e-08
  8.2053e-08  8.2120e-08  8.2187e-08  8.2258e-08  8.2340e-08  8.2439e-08
  8.2565e-08  8.2722e-08  8.2924e-08  8.3185e-08  8.3526e-08  8.3991e-08
  8.4622e-08  8.5469e-08  8.6565e-08  8.7954e-08  8.9687e-08  9.1803e-08
  9.4343e-08  9.7340e-08  1.0083e-07  1.0479e-07  1.0914e-07  1.1371e-07
  1.1819e-07  1.2210e-07  1.2469e-07  1.2496e-07  1.2190e-07  1.1469e-07
  1.0303e-07  8.7524e-08  6.9922e-08  5.2364e-08  3.6513e-08  2.3114e-08
  1.2714e-08  5.7528e-09  2.1906e-09  1.3579e-09  2.4972e-09  5.9900e-09
  1.6870e-08  5.1277e-08  1.6920e-07  4.9980e-07  1.3217e-06  2.8234e-06
  4.8702e-06
# NH3 profile (VMR-PPMV) for lat -75.0 degrees, month 10:
  7.7922e-08  7.7922e-08  7.7922e-08  7.7922e-08  7.7922e-08  7.7922e-08
  7.7922e-08  7.7922e-08  7.7922e-08  7.7922e-08  7.7922e-08  7.7922e-08
  7.7922e-08  7.7922e-08  7.7922e-08  7.7922e-08  7.7922e-08  7.7922e-08
  7.7922e-08  7.7922e-08  7.7922e-08  7.7922e-08  7.7922e-08  7.7922e-08
  7.7922e-08  7.7922e-08  7.7922e-08  7.7922e-08  7.7922e-08  7.7922e-08
  7.7922e-08  7.7922e-08  7.7922e-08  7.7922e-08  7.7922e-08  7.7922e-08
  7.7922e-08  7.7922e-08  7.7922e-08  7.7922e-08  7.7922e-08  7.7922e-08
  7.7922e-08  7.7922e-08  7.7922e-08  7.7922e-08  7.7922e-08  7.7922e-08
  7.7922e-08  7.7922e-08  7.7922e-08  7.7922e-08  7.7922e-08  7.7922e-08
  7.7922e-08  7.7922e-08  7.7922e-08  7.7922e-08  7.7922e-08  7.7922e-08
  7.7922e-08  7.7922e-08  7.7781e-08  7.7644e-08  7.7511e-08  7.7380e-08
  7.7250e-08  7.7119e-08  7.6984e-08  7.6843e-08  7.6694e-08  7.6538e-08
  7.6373e-08  7.6194e-08  7.6001e-08  7.5788e-08  7.5560e-08  7.5321e-08
  7.5082e-08  7.4853e-08  7.4644e-08  7.4455e-08  7.4285e-08  7.4122e-08
  7.3953e-08  7.3759e-08  7.3515e-08  7.3195e-08  7.2781e-08  7.2273e-08
  7.1690e-08  7.1054e-08  7.0354e-08  6.9493e-08  6.8263e-08  6.6356e-08
  6.3428e-08  5.9239e-08  5.3765e-08  4.7198e-08  3.9833e-08  3.1996e-08
  2.4160e-08  1.6935e-08  1.0918e-08  6.4048e-09  3.3634e-09  1.5313e-09
  5.7737e-10  1.7160e-10  4.9230e-11  5.3938e-11  2.1752e-10  1.4152e-09
  1.0323e-08  4.9909e-08  1.8252e-07  4.5978e-07  8.7130e-07  1.3256e-06
  1.7643e-06
# NH3 profile (VMR-PPMV) for lat -45.0 degrees, month 10:
  7.6911e-08  7.6911e-08  7.6911e-08  7.6911e-08  7.6911e-08  7.6911e-08
  7.6911e-08  7.6911e-08  7.6911e-08  7.6911e-08  7.6911e-08  7.6911e-08
  7.6911e-08  7.6911e-08  7.6911e-08  7.6911e-08  7.6911e-08  7.6911e-08
  7.6911e-08  7.6911e-08  7.6911e-08  7.6911e-08  7.6911e-08  7.6911e-08
  7.6911e-08  7.6911e-08  7.6911e-08  7.6911e-08  7.6911e-08  7.6911e-08
  7.6911e-08  7.6911e-08  7.6911e-08  7.6911e-08  7.6911e-08  7.6911e-08
  7.6911e-08  7.6911e-08  7.6911e-08  7.6911e-08  7.6911e-08  7.6911e-08
  7.6911e-08  7.6911e-08  7.6911e-08  7.6911e-08  7.6911e-08  7.6911e-08
  7.6911e-08  7.6911e-08  7.6911e-08  7.6911e-08  7.6911e-08  7.6911e-08
  7.6911e-08  7.6911e-08  7.6911e-08  7.6911e-08  7.6911e-08  7.6911e-08
  7.6911e-08  7.6911e-08  7.6769e-08  7.6629e-08  7.6488e-08  7.6344e-08
  7.6194e-08  7.6032e-08  7.5857e-08  7.5665e-08  7.5455e-08  7.5218e-08
  7.4950e-08  7.4635e-08  7.4272e-08  7.3851e-08  7.3379e-08  7.2861e-08
  7.2318e-08  7.1767e-08  7.1230e-08  7.0717e-08  7.0229e-08  6.9746e-08
  6.9235e-08  6.8644e-08  6.7906e-08  6.6937e-08  6.5645e-08  6.3970e-08
  6.1867e-08  5.9305e-08  5.6262e-08  5.2778e-08  4.8961e-08  4.4958e-08
  4.0873e-08  3.6720e-08  3.2439e-08  2.7943e-08  2.3210e-08  1.8362e-08
  1.3715e-08  9.6632e-09  6.5129e-09  4.2896e-09  2.8688e-09  2.1512e-09
  2.3700e-09  4.2056e-09  8.6595e-09  1.7132e-08  3.6049e-08  9.7142e-08
  3.7939e-07  1.6633e-06  5.8759e-06  1.5719e-05  4.2731e-05  9.6076e-05
  1.7287e-04
# NH3 profile (VMR-PPMV) for lat -10. degrees, month 10:
  7.7569e-08  7.7569e-08  7.7569e-08  7.7569e-08  7.7569e-08  7.7569e-08
  7.7569e-08  7.7569e-08  7.7569e-08  7.7569e-08  7.7569e-08  7.7569e-08
  7.7569e-08  7.7569e-08  7.7569e-08  7.7569e-08  7.7569e-08  7.7569e-08
  7.7569e-08  7.7569e-08  7.7569e-08  7.7569e-08  7.7569e-08  7.7569e-08
  7.7569e-08  7.7569e-08  7.7569e-08  7.7569e-08  7.7569e-08  7.7569e-08
  7.7569e-08  7.7569e-08  7.7569e-08  7.7569e-08  7.7569e-08  7.7569e-08
  7.7569e-08  7.7569e-08  7.7569e-08  7.7569e-08  7.7569e-08  7.7569e-08
  7.7569e-08  7.7569e-08  7.7569e-08  7.7569e-08  7.7569e-08  7.7569e-08
  7.7569e-08  7.7569e-08  7.7569e-08  7.7569e-08  7.7569e-08  7.7569e-08
  7.7569e-08  7.7569e-08  7.7569e-08  7.7569e-08  7.7569e-08  7.7569e-08
  7.7569e-08  7.7569e-08  7.7488e-08  7.7416e-08  7.7349e-08  7.7284e-08
  7.7217e-08  7.7140e-08  7.7052e-08  7.6946e-08  7.6821e-08  7.6676e-08
  7.6511e-08  7.6320e-08  7.6097e-08  7.5821e-08  7.5477e-08  7.5047e-08
  7.4544e-08  7.3999e-08  7.3478e-08  7.3030e-08  7.2692e-08  7.2432e-08
  7.2151e-08  7.1682e-08  7.0720e-08  6.8928e-08  6.6064e-08  6.2288e-08
  5.8073e-08  5.3932e-08  5.0108e-08  4.6554e-08  4.3156e-08  3.9892e-08
  3.6819e-08  3.3738e-08  3.0021e-08  2.4901e-08  1.8342e-08  1.1416e-08
  5.7091e-09  2.2200e-09  1.3553e-09  3.1951e-09  8.2259e-09  1.7362e-08
  3.4353e-08  6.7681e-08  1.2695e-07  2.1272e-07  3.1865e-07  4.5945e-07
  9.8024e-07  3.5786e-06  1.1276e-05  2.9355e-05  8.4548e-05  2.0087e-04
  3.7269e-04
# NH3 profile (VMR-PPMV) for lat 10. degrees, month 10:
  8.2183e-08  8.2183e-08  8.2183e-08  8.2183e-08  8.2183e-08  8.2183e-08
  8.2183e-08  8.2183e-08  8.2183e-08  8.2183e-08  8.2183e-08  8.2183e-08
  8.2183e-08  8.2183e-08  8.2183e-08  8.2183e-08  8.2183e-08  8.2183e-08
  8.2183e-08  8.2183e-08  8.2183e-08  8.2183e-08  8.2183e-08  8.2183e-08
  8.2183e-08  8.2183e-08  8.2183e-08  8.2183e-08  8.2183e-08  8.2183e-08
  8.2183e-08  8.2183e-08  8.2183e-08  8.2183e-08  8.2183e-08  8.2183e-08
  8.2183e-08  8.2183e-08  8.2183e-08  8.2183e-08  8.2183e-08  8.2183e-08
  8.2183e-08  8.2183e-08  8.2183e-08  8.2183e-08  8.2183e-08  8.2183e-08
  8.2183e-08  8.2183e-08  8.2183e-08  8.2183e-08  8.2183e-08  8.2183e-08
  8.2183e-08  8.2183e-08  8.2183e-08  8.2183e-08  8.2183e-08  8.2183e-08
  8.2183e-08  8.2183e-08  8.2370e-08  8.2540e-08  8.2688e-08  8.2799e-08
  8.2871e-08  8.2897e-08  8.2885e-08  8.2842e-08  8.2781e-08  8.2722e-08
  8.2685e-08  8.2717e-08  8.2861e-08  8.3195e-08  8.3775e-08  8.4656e-08
  8.5817e-08  8.7202e-08  8.8701e-08  9.0205e-08  9.1621e-08  9.2849e-08
  9.3790e-08  9.4325e-08  9.4371e-08  9.3928e-08  9.3090e-08  9.2050e-08
  9.1038e-08  9.0266e-08  8.9801e-08  8.9441e-08  8.8747e-08  8.7147e-08
  8.4065e-08  7.8702e-08  7.0033e-08  5.7315e-08  4.1464e-08  2.5353e-08
  1.2742e-08  7.1906e-09  1.0394e-08  2.3937e-08  4.8764e-08  9.2425e-08
  1.6860e-07  2.9686e-07  4.8662e-07  7.3773e-07  1.0450e-06  1.4479e-06
  2.1442e-06  4.1996e-06  1.4002e-05  4.7722e-05  1.6643e-04  4.2044e-04
  7.9336e-04
# NH3 profile (VMR-PPMV) for lat 45 degrees, month 10:
  8.3213e-08  8.3213e-08  8.3213e-08  8.3213e-08  8.3213e-08  8.3213e-08
  8.3213e-08  8.3213e-08  8.3213e-08  8.3213e-08  8.3213e-08  8.3213e-08
  8.3213e-08  8.3213e-08  8.3213e-08  8.3213e-08  8.3213e-08  8.3213e-08
  8.3213e-08  8.3213e-08  8.3213e-08  8.3213e-08  8.3213e-08  8.3213e-08
  8.3213e-08  8.3213e-08  8.3213e-08  8.3213e-08  8.3213e-08  8.3213e-08
  8.3213e-08  8.3213e-08  8.3213e-08  8.3213e-08  8.3213e-08  8.3213e-08
  8.3213e-08  8.3213e-08  8.3213e-08  8.3213e-08  8.3213e-08  8.3213e-08
  8.3213e-08  8.3213e-08  8.3213e-08  8.3213e-08  8.3213e-08  8.3213e-08
  8.3213e-08  8.3213e-08  8.3213e-08  8.3213e-08  8.3213e-08  8.3213e-08
  8.3213e-08  8.3213e-08  8.3213e-08  8.3213e-08  8.3213e-08  8.3213e-08
  8.3213e-08  8.3213e-08  8.3505e-08  8.3788e-08  8.4059e-08  8.4315e-08
  8.4559e-08  8.4788e-08  8.5008e-08  8.5218e-08  8.5424e-08  8.5632e-08
  8.5847e-08  8.6082e-08  8.6346e-08  8.6663e-08  8.7053e-08  8.7543e-08
  8.8158e-08  8.8910e-08  8.9803e-08  9.0816e-08  9.1927e-08  9.3112e-08
  9.4379e-08  9.5757e-08  9.7312e-08  9.9117e-08  1.0124e-07  1.0372e-07
  1.0655e-07  1.0965e-07  1.1282e-07  1.1574e-07  1.1797e-07  1.1914e-07
  1.1895e-07  1.1706e-07  1.1296e-07  1.0567e-07  9.4311e-08  7.8914e-08
  6.1873e-08  5.3724e-08  6.7646e-08  1.1079e-07  1.7332e-07  2.5523e-07
  3.6874e-07  5.3131e-07  7.3485e-07  9.7893e-07  1.2916e-06  1.7680e-06
  2.7069e-06  5.2411e-06  1.6492e-05  5.7936e-05  2.4210e-04  6.6938e-04
  1.3180e-03
# NH3 profile (VMR-PPMV) for lat 75 degrees, month 10:
  8.1118e-08  8.1118e-08  8.1118e-08  8.1118e-08  8.1118e-08  8.1118e-08
  8.1118e-08  8.1118e-08  8.1118e-08  8.1118e-08  8.1118e-08  8.1118e-08
  8.1118e-08  8.1118e-08  8.1118e-08  8.1118e-08  8.1118e-08  8.1118e-08
  8.1118e-08  8.1118e-08  8.1118e-08  8.1118e-08  8.1118e-08  8.1118e-08
  8.1118e-08  8.1118e-08  8.1118e-08  8.1118e-08  8.1118e-08  8.1118e-08
  8.1118e-08  8.1118e-08  8.1118e-08  8.1118e-08  8.1118e-08  8.1118e-08
  8.1118e-08  8.1118e-08  8.1118e-08  8.1118e-08  8.1118e-08  8.1118e-08
  8.1118e-08  8.1118e-08  8.1118e-08  8.1118e-08  8.1118e-08  8.1118e-08
  8.1118e-08  8.1118e-08  8.1118e-08  8.1118e-08  8.1118e-08  8.1118e-08
  8.1118e-08  8.1118e-08  8.1118e-08  8.1118e-08  8.1118e-08  8.1118e-08
  8.1118e-08  8.1118e-08  8.1217e-08  8.1315e-08  8.1408e-08  8.1498e-08
  8.1584e-08  8.1668e-08  8.1750e-08  8.1830e-08  8.1908e-08  8.1982e-08
  8.2053e-08  8.2120e-08  8.2187e-08  8.2258e-08  8.2340e-08  8.2439e-08
  8.2565e-08  8.2722e-08  8.2924e-08  8.3185e-08  8.3526e-08  8.3991e-08
  8.4622e-08  8.5469e-08  8.6565e-08  8.7954e-08  8.9687e-08  9.1803e-08
  9.4343e-08  9.7340e-08  1.0083e-07  1.0479e-07  1.0914e-07  1.1371e-07
  1.1819e-07  1.2210e-07  1.2469e-07  1.2496e-07  1.2190e-07  1.1469e-07
  1.0303e-07  8.7524e-08  6.9922e-08  5.2364e-08  3.6513e-08  2.3114e-08
  1.2714e-08  5.7528e-09  2.1906e-09  1.3579e-09  2.4972e-09  5.9900e-09
  1.6870e-08  5.1277e-08  1.6920e-07  4.9980e-07  1.3217e-06  2.8234e-06
  4.8702e-06
# Last line of file.
