26-AUG-2016 17:08:42.000000
# V5.1 FILE generated by J.J. Remedios and D. Moore
# HITRAN code of the gas:
 47
# DN:
0 0 0 0 0 0
# HDO profile (VMR-PPMV) for lat -75.0 degrees, month 01:
  1.8463e-02  1.9756e-02  2.1175e-02  2.2715e-02  2.4382e-02  2.6221e-02
  2.8293e-02  3.0639e-02  3.3240e-02  3.6039e-02  3.8983e-02  4.2161e-02
  4.5768e-02  5.0043e-02  5.5063e-02  6.0748e-02  6.7005e-02  7.3829e-02
  8.1419e-02  9.0273e-02  1.0247e-01  1.2192e-01  1.5432e-01  2.0579e-01
  2.8112e-01  3.8267e-01  5.0970e-01  6.5867e-01  8.2697e-01  1.0151e+00
  1.2274e+00  1.4685e+00  1.7411e+00  2.0441e+00  2.3714e+00  2.7109e+00
  3.0454e+00  3.3541e+00  3.6181e+00  3.8264e+00  3.9789e+00  4.0813e+00
  4.1417e+00  4.1720e+00  4.1868e+00  4.1999e+00  4.2179e+00  4.2433e+00
  4.2751e+00  4.3108e+00  4.3471e+00  4.3827e+00  4.4188e+00  4.4569e+00
  4.4968e+00  4.5358e+00  4.5729e+00  4.6100e+00  4.6503e+00  4.6929e+00
  4.7304e+00  4.7531e+00  4.7542e+00  4.7342e+00  4.6986e+00  4.6547e+00
  4.6087e+00  4.5647e+00  4.5244e+00  4.4875e+00  4.4524e+00  4.4185e+00
  4.3834e+00  4.3428e+00  4.2922e+00  4.2300e+00  4.1588e+00  4.0817e+00
  4.0001e+00  3.9107e+00  3.8084e+00  3.6906e+00  3.5589e+00  3.4200e+00
  3.2799e+00  3.1440e+00  3.0166e+00  2.9006e+00  2.7987e+00  2.7123e+00
  2.6416e+00  2.5845e+00  2.5380e+00  2.5002e+00  2.4701e+00  2.4446e+00
  2.4182e+00  2.3837e+00  2.3344e+00  2.2633e+00  2.1660e+00  2.0443e+00
  1.9090e+00  1.7757e+00  1.6574e+00  1.5638e+00  1.5219e+00  1.6607e+00
  2.4526e+00  4.9578e+00  1.0897e+01  2.3280e+01  4.7207e+01  8.1125e+01
  1.2999e+02  2.0317e+02  3.2578e+02  5.5237e+02  9.4577e+02  1.5178e+03
  2.1682e+03
# HDO profile (VMR-PPMV) for lat -45.0 degrees, month 01:
  1.9738e-02  2.1119e-02  2.2637e-02  2.4285e-02  2.6070e-02  2.8043e-02
  3.0267e-02  3.2779e-02  3.5555e-02  3.8540e-02  4.1683e-02  4.5086e-02
  4.8950e-02  5.3522e-02  5.8879e-02  6.4934e-02  7.1603e-02  7.8889e-02
  8.6860e-02  9.5912e-02  1.0782e-01  1.2652e-01  1.5735e-01  2.0403e-01
  2.6726e-01  3.4558e-01  4.3779e-01  5.4407e-01  6.6504e-01  8.0120e-01
  9.5283e-01  1.1207e+00  1.3041e+00  1.5015e+00  1.7118e+00  1.9339e+00
  2.1642e+00  2.3931e+00  2.6112e+00  2.8132e+00  2.9991e+00  3.1712e+00
  3.3306e+00  3.4770e+00  3.6090e+00  3.7282e+00  3.8377e+00  3.9407e+00
  4.0384e+00  4.1292e+00  4.2113e+00  4.2815e+00  4.3393e+00  4.3874e+00
  4.4291e+00  4.4674e+00  4.5040e+00  4.5414e+00  4.5808e+00  4.6196e+00
  4.6509e+00  4.6656e+00  4.6565e+00  4.6188e+00  4.5551e+00  4.4783e+00
  4.4074e+00  4.3563e+00  4.3254e+00  4.3050e+00  4.2832e+00  4.2506e+00
  4.2035e+00  4.1415e+00  4.0663e+00  3.9786e+00  3.8808e+00  3.7774e+00
  3.6732e+00  3.5712e+00  3.4692e+00  3.3633e+00  3.2518e+00  3.1376e+00
  3.0260e+00  2.9222e+00  2.8286e+00  2.7460e+00  2.6722e+00  2.6045e+00
  2.5419e+00  2.4854e+00  2.4354e+00  2.3888e+00  2.3413e+00  2.2891e+00
  2.2291e+00  2.1577e+00  2.0709e+00  1.9666e+00  1.8486e+00  1.7313e+00
  1.6406e+00  1.6168e+00  1.7363e+00  2.1907e+00  3.4785e+00  6.3720e+00
  1.2317e+01  2.3430e+01  4.5546e+01  8.6401e+01  1.5587e+02  2.5098e+02
  3.6743e+02  5.1628e+02  7.2493e+02  1.0207e+03  1.4017e+03  1.8433e+03
  2.3068e+03
# HDO profile (VMR-PPMV) for lat -10. degrees, month 01:
  1.5647e-02  1.6739e-02  1.7939e-02  1.9242e-02  2.0656e-02  2.2219e-02
  2.3979e-02  2.5967e-02  2.8173e-02  3.0550e-02  3.3049e-02  3.5745e-02
  3.8796e-02  4.2405e-02  4.6644e-02  5.1457e-02  5.6771e-02  6.2564e-02
  6.8792e-02  7.5453e-02  8.3360e-02  9.3926e-02  1.0836e-01  1.2691e-01
  1.5000e-01  1.7866e-01  2.1379e-01  2.5538e-01  3.0342e-01  3.5944e-01
  4.2672e-01  5.1089e-01  6.1659e-01  7.4740e-01  9.0480e-01  1.0878e+00
  1.2906e+00  1.5023e+00  1.7144e+00  1.9241e+00  2.1345e+00  2.3513e+00
  2.5780e+00  2.8113e+00  3.0386e+00  3.2451e+00  3.4255e+00  3.5841e+00
  3.7293e+00  3.8643e+00  3.9869e+00  4.0914e+00  4.1763e+00  4.2491e+00
  4.3193e+00  4.3874e+00  4.4419e+00  4.4761e+00  4.4988e+00  4.5282e+00
  4.5688e+00  4.6035e+00  4.6071e+00  4.5657e+00  4.4861e+00  4.3887e+00
  4.2966e+00  4.2216e+00  4.1627e+00  4.1081e+00  4.0369e+00  3.9257e+00
  3.7613e+00  3.5543e+00  3.3385e+00  3.1450e+00  2.9909e+00  2.8724e+00
  2.7765e+00  2.6960e+00  2.6266e+00  2.5656e+00  2.5047e+00  2.4393e+00
  2.3747e+00  2.3170e+00  2.2679e+00  2.2222e+00  2.1724e+00  2.1143e+00
  2.0473e+00  1.9759e+00  1.9038e+00  1.8327e+00  1.7652e+00  1.7085e+00
  1.6711e+00  1.6538e+00  1.6380e+00  1.5879e+00  1.4795e+00  1.3449e+00
  1.2967e+00  1.5322e+00  2.4470e+00  4.8291e+00  9.9178e+00  1.9788e+01
  3.7963e+01  6.9037e+01  1.1867e+02  1.8777e+02  2.6628e+02  3.4218e+02
  4.1812e+02  5.2111e+02  6.8875e+02  9.4414e+02  1.2821e+03  1.6738e+03
  2.0832e+03
# HDO profile (VMR-PPMV) for lat 10. degrees, month 01:
  1.6761e-02  1.7928e-02  1.9211e-02  2.0606e-02  2.2119e-02  2.3788e-02
  2.5668e-02  2.7795e-02  3.0160e-02  3.2707e-02  3.5385e-02  3.8275e-02
  4.1551e-02  4.5427e-02  4.9970e-02  5.5121e-02  6.0803e-02  6.7001e-02
  7.2752e-02  7.6976e-02  8.0059e-02  8.4535e-02  9.3200e-02  1.0629e-01
  1.1947e-01  1.3584e-01  1.5938e-01  1.8721e-01  2.1874e-01  2.5566e-01
  3.0405e-01  3.7285e-01  4.6880e-01  5.9589e-01  7.5642e-01  9.5061e-01
  1.1722e+00  1.4083e+00  1.6454e+00  1.8763e+00  2.1008e+00  2.3222e+00
  2.5419e+00  2.7560e+00  2.9555e+00  3.1315e+00  3.2816e+00  3.4137e+00
  3.5394e+00  3.6642e+00  3.7836e+00  3.8889e+00  3.9773e+00  4.0529e+00
  4.1259e+00  4.2020e+00  4.2808e+00  4.3548e+00  4.4164e+00  4.4648e+00
  4.5062e+00  4.5484e+00  4.5836e+00  4.5867e+00  4.5384e+00  4.4511e+00
  4.3654e+00  4.3127e+00  4.2864e+00  4.2561e+00  4.1967e+00  4.1028e+00
  3.9714e+00  3.8004e+00  3.6034e+00  3.4179e+00  3.2811e+00  3.1951e+00
  3.1259e+00  3.0351e+00  2.9165e+00  2.7892e+00  2.6699e+00  2.5622e+00
  2.4677e+00  2.3901e+00  2.3259e+00  2.2624e+00  2.1911e+00  2.1129e+00
  2.0321e+00  1.9519e+00  1.8739e+00  1.8005e+00  1.7368e+00  1.6908e+00
  1.6733e+00  1.6813e+00  1.6806e+00  1.6178e+00  1.4635e+00  1.2601e+00
  1.1249e+00  1.2265e+00  1.8153e+00  3.5570e+00  8.3883e+00  1.9825e+01
  4.3655e+01  8.3823e+01  1.3928e+02  2.0696e+02  2.8341e+02  3.6292e+02
  4.5076e+02  5.7905e+02  8.0690e+02  1.1902e+03  1.7454e+03  2.4360e+03
  3.1778e+03
# HDO profile (VMR-PPMV) for lat 45 degrees, month 01:
  1.6153e-02  1.7284e-02  1.8526e-02  1.9874e-02  2.1334e-02  2.2949e-02
  2.4769e-02  2.6823e-02  2.9094e-02  3.1536e-02  3.4109e-02  3.6894e-02
  4.0053e-02  4.3787e-02  4.8167e-02  5.3127e-02  5.8602e-02  6.4577e-02
  7.0688e-02  7.6584e-02  8.2262e-02  8.8062e-02  9.4043e-02  9.9873e-02
  1.0619e-01  1.1415e-01  1.2482e-01  1.3870e-01  1.5641e-01  1.7895e-01
  2.0726e-01  2.4240e-01  2.8604e-01  3.4012e-01  4.0662e-01  4.8654e-01
  5.7999e-01  6.8619e-01  8.0298e-01  9.2690e-01  1.0529e+00  1.1777e+00
  1.3018e+00  1.4291e+00  1.5642e+00  1.7089e+00  1.8622e+00  2.0211e+00
  2.1822e+00  2.3429e+00  2.5025e+00  2.6605e+00  2.8159e+00  2.9661e+00
  3.1107e+00  3.2518e+00  3.3905e+00  3.5245e+00  3.6512e+00  3.7721e+00
  3.8884e+00  3.9959e+00  4.0835e+00  4.1413e+00  4.1667e+00  4.1694e+00
  4.1664e+00  4.1694e+00  4.1780e+00  4.1836e+00  4.1807e+00  4.1696e+00
  4.1516e+00  4.1264e+00  4.0941e+00  4.0599e+00  4.0300e+00  4.0049e+00
  3.9799e+00  3.9501e+00  3.9138e+00  3.8670e+00  3.8075e+00  3.7377e+00
  3.6640e+00  3.5877e+00  3.5057e+00  3.4146e+00  3.3138e+00  3.2041e+00
  3.0889e+00  2.9732e+00  2.8602e+00  2.7520e+00  2.6508e+00  2.5579e+00
  2.4720e+00  2.3891e+00  2.3046e+00  2.2184e+00  2.1351e+00  2.0616e+00
  2.0001e+00  1.9478e+00  1.9029e+00  1.8778e+00  1.9136e+00  2.1158e+00
  2.7141e+00  4.0584e+00  7.0541e+00  1.3665e+01  2.6711e+01  4.6350e+01
  7.1740e+01  1.0497e+02  1.6108e+02  2.7321e+02  4.7681e+02  7.7481e+02
  1.1136e+03
# HDO profile (VMR-PPMV) for lat 75 degrees, month 01:
  1.6151e-02  1.7280e-02  1.8521e-02  1.9869e-02  2.1329e-02  2.2942e-02
  2.4759e-02  2.6811e-02  2.9081e-02  3.1522e-02  3.4093e-02  3.6878e-02
  4.0042e-02  4.3784e-02  4.8167e-02  5.3126e-02  5.8600e-02  6.4575e-02
  7.0676e-02  7.6372e-02  8.1135e-02  8.5305e-02  8.9445e-02  9.3887e-02
  9.8917e-02  1.0506e-01  1.1341e-01  1.2468e-01  1.3951e-01  1.5857e-01
  1.8262e-01  2.1243e-01  2.4900e-01  2.9418e-01  3.5001e-01  4.1733e-01
  4.9507e-01  5.8105e-01  6.7352e-01  7.7194e-01  8.7609e-01  9.8517e-01
  1.0968e+00  1.2073e+00  1.3147e+00  1.4211e+00  1.5314e+00  1.6478e+00
  1.7669e+00  1.8841e+00  1.9985e+00  2.1137e+00  2.2338e+00  2.3603e+00
  2.4925e+00  2.6277e+00  2.7636e+00  2.8994e+00  3.0353e+00  3.1709e+00
  3.3020e+00  3.4230e+00  3.5307e+00  3.6249e+00  3.7061e+00  3.7745e+00
  3.8312e+00  3.8784e+00  3.9190e+00  3.9546e+00  3.9866e+00  4.0139e+00
  4.0332e+00  4.0405e+00  4.0354e+00  4.0215e+00  4.0040e+00  3.9875e+00
  3.9732e+00  3.9596e+00  3.9430e+00  3.9204e+00  3.8907e+00  3.8546e+00
  3.8115e+00  3.7577e+00  3.6900e+00  3.6111e+00  3.5282e+00  3.4461e+00
  3.3648e+00  3.2800e+00  3.1885e+00  3.0879e+00  2.9785e+00  2.8629e+00
  2.7449e+00  2.6299e+00  2.5219e+00  2.4232e+00  2.3325e+00  2.2474e+00
  2.1659e+00  2.0879e+00  2.0119e+00  1.9350e+00  1.8644e+00  1.8404e+00
  1.9817e+00  2.5596e+00  4.0507e+00  7.2977e+00  1.3904e+01  2.4316e+01
  4.0484e+01  6.4319e+01  9.7868e+01  1.4467e+02  2.0851e+02  2.8987e+02
  3.7880e+02
# HDO profile (VMR-PPMV) for lat -75.0 degrees, month 01:
  1.8463e-02  1.9756e-02  2.1175e-02  2.2715e-02  2.4382e-02  2.6221e-02
  2.8293e-02  3.0639e-02  3.3240e-02  3.6039e-02  3.8983e-02  4.2161e-02
  4.5768e-02  5.0043e-02  5.5063e-02  6.0748e-02  6.7005e-02  7.3829e-02
  8.1419e-02  9.0273e-02  1.0247e-01  1.2192e-01  1.5432e-01  2.0579e-01
  2.8112e-01  3.8267e-01  5.0970e-01  6.5867e-01  8.2697e-01  1.0151e+00
  1.2274e+00  1.4685e+00  1.7411e+00  2.0441e+00  2.3714e+00  2.7109e+00
  3.0454e+00  3.3541e+00  3.6181e+00  3.8264e+00  3.9789e+00  4.0813e+00
  4.1417e+00  4.1720e+00  4.1868e+00  4.1999e+00  4.2179e+00  4.2433e+00
  4.2751e+00  4.3108e+00  4.3471e+00  4.3827e+00  4.4188e+00  4.4569e+00
  4.4968e+00  4.5358e+00  4.5729e+00  4.6100e+00  4.6503e+00  4.6929e+00
  4.7304e+00  4.7531e+00  4.7542e+00  4.7342e+00  4.6986e+00  4.6547e+00
  4.6087e+00  4.5647e+00  4.5244e+00  4.4875e+00  4.4524e+00  4.4185e+00
  4.3834e+00  4.3428e+00  4.2922e+00  4.2300e+00  4.1588e+00  4.0817e+00
  4.0001e+00  3.9107e+00  3.8084e+00  3.6906e+00  3.5589e+00  3.4200e+00
  3.2799e+00  3.1440e+00  3.0166e+00  2.9006e+00  2.7987e+00  2.7123e+00
  2.6416e+00  2.5845e+00  2.5380e+00  2.5002e+00  2.4701e+00  2.4446e+00
  2.4182e+00  2.3837e+00  2.3344e+00  2.2633e+00  2.1660e+00  2.0443e+00
  1.9090e+00  1.7757e+00  1.6574e+00  1.5638e+00  1.5219e+00  1.6607e+00
  2.4526e+00  4.9578e+00  1.0897e+01  2.3280e+01  4.7207e+01  8.1125e+01
  1.2999e+02  2.0317e+02  3.2578e+02  5.5237e+02  9.4577e+02  1.5178e+03
  2.1682e+03
# HDO profile (VMR-PPMV) for lat -45.0 degrees, month 01:
  1.9738e-02  2.1119e-02  2.2637e-02  2.4285e-02  2.6070e-02  2.8043e-02
  3.0267e-02  3.2779e-02  3.5555e-02  3.8540e-02  4.1683e-02  4.5086e-02
  4.8950e-02  5.3522e-02  5.8879e-02  6.4934e-02  7.1603e-02  7.8889e-02
  8.6860e-02  9.5912e-02  1.0782e-01  1.2652e-01  1.5735e-01  2.0403e-01
  2.6726e-01  3.4558e-01  4.3779e-01  5.4407e-01  6.6504e-01  8.0120e-01
  9.5283e-01  1.1207e+00  1.3041e+00  1.5015e+00  1.7118e+00  1.9339e+00
  2.1642e+00  2.3931e+00  2.6112e+00  2.8132e+00  2.9991e+00  3.1712e+00
  3.3306e+00  3.4770e+00  3.6090e+00  3.7282e+00  3.8377e+00  3.9407e+00
  4.0384e+00  4.1292e+00  4.2113e+00  4.2815e+00  4.3393e+00  4.3874e+00
  4.4291e+00  4.4674e+00  4.5040e+00  4.5414e+00  4.5808e+00  4.6196e+00
  4.6509e+00  4.6656e+00  4.6565e+00  4.6188e+00  4.5551e+00  4.4783e+00
  4.4074e+00  4.3563e+00  4.3254e+00  4.3050e+00  4.2832e+00  4.2506e+00
  4.2035e+00  4.1415e+00  4.0663e+00  3.9786e+00  3.8808e+00  3.7774e+00
  3.6732e+00  3.5712e+00  3.4692e+00  3.3633e+00  3.2518e+00  3.1376e+00
  3.0260e+00  2.9222e+00  2.8286e+00  2.7460e+00  2.6722e+00  2.6045e+00
  2.5419e+00  2.4854e+00  2.4354e+00  2.3888e+00  2.3413e+00  2.2891e+00
  2.2291e+00  2.1577e+00  2.0709e+00  1.9666e+00  1.8486e+00  1.7313e+00
  1.6406e+00  1.6168e+00  1.7363e+00  2.1907e+00  3.4785e+00  6.3720e+00
  1.2317e+01  2.3430e+01  4.5546e+01  8.6401e+01  1.5587e+02  2.5098e+02
  3.6743e+02  5.1628e+02  7.2493e+02  1.0207e+03  1.4017e+03  1.8433e+03
  2.3068e+03
# HDO profile (VMR-PPMV) for lat -10. degrees, month 01:
  1.5647e-02  1.6739e-02  1.7939e-02  1.9242e-02  2.0656e-02  2.2219e-02
  2.3979e-02  2.5967e-02  2.8173e-02  3.0550e-02  3.3049e-02  3.5745e-02
  3.8796e-02  4.2405e-02  4.6644e-02  5.1457e-02  5.6771e-02  6.2564e-02
  6.8792e-02  7.5453e-02  8.3360e-02  9.3926e-02  1.0836e-01  1.2691e-01
  1.5000e-01  1.7866e-01  2.1379e-01  2.5538e-01  3.0342e-01  3.5944e-01
  4.2672e-01  5.1089e-01  6.1659e-01  7.4740e-01  9.0480e-01  1.0878e+00
  1.2906e+00  1.5023e+00  1.7144e+00  1.9241e+00  2.1345e+00  2.3513e+00
  2.5780e+00  2.8113e+00  3.0386e+00  3.2451e+00  3.4255e+00  3.5841e+00
  3.7293e+00  3.8643e+00  3.9869e+00  4.0914e+00  4.1763e+00  4.2491e+00
  4.3193e+00  4.3874e+00  4.4419e+00  4.4761e+00  4.4988e+00  4.5282e+00
  4.5688e+00  4.6035e+00  4.6071e+00  4.5657e+00  4.4861e+00  4.3887e+00
  4.2966e+00  4.2216e+00  4.1627e+00  4.1081e+00  4.0369e+00  3.9257e+00
  3.7613e+00  3.5543e+00  3.3385e+00  3.1450e+00  2.9909e+00  2.8724e+00
  2.7765e+00  2.6960e+00  2.6266e+00  2.5656e+00  2.5047e+00  2.4393e+00
  2.3747e+00  2.3170e+00  2.2679e+00  2.2222e+00  2.1724e+00  2.1143e+00
  2.0473e+00  1.9759e+00  1.9038e+00  1.8327e+00  1.7652e+00  1.7085e+00
  1.6711e+00  1.6538e+00  1.6380e+00  1.5879e+00  1.4795e+00  1.3449e+00
  1.2967e+00  1.5322e+00  2.4470e+00  4.8291e+00  9.9178e+00  1.9788e+01
  3.7963e+01  6.9037e+01  1.1867e+02  1.8777e+02  2.6628e+02  3.4218e+02
  4.1812e+02  5.2111e+02  6.8875e+02  9.4414e+02  1.2821e+03  1.6738e+03
  2.0832e+03
# HDO profile (VMR-PPMV) for lat 10. degrees, month 01:
  1.6761e-02  1.7928e-02  1.9211e-02  2.0606e-02  2.2119e-02  2.3788e-02
  2.5668e-02  2.7795e-02  3.0160e-02  3.2707e-02  3.5385e-02  3.8275e-02
  4.1551e-02  4.5427e-02  4.9970e-02  5.5121e-02  6.0803e-02  6.7001e-02
  7.2752e-02  7.6976e-02  8.0059e-02  8.4535e-02  9.3200e-02  1.0629e-01
  1.1947e-01  1.3584e-01  1.5938e-01  1.8721e-01  2.1874e-01  2.5566e-01
  3.0405e-01  3.7285e-01  4.6880e-01  5.9589e-01  7.5642e-01  9.5061e-01
  1.1722e+00  1.4083e+00  1.6454e+00  1.8763e+00  2.1008e+00  2.3222e+00
  2.5419e+00  2.7560e+00  2.9555e+00  3.1315e+00  3.2816e+00  3.4137e+00
  3.5394e+00  3.6642e+00  3.7836e+00  3.8889e+00  3.9773e+00  4.0529e+00
  4.1259e+00  4.2020e+00  4.2808e+00  4.3548e+00  4.4164e+00  4.4648e+00
  4.5062e+00  4.5484e+00  4.5836e+00  4.5867e+00  4.5384e+00  4.4511e+00
  4.3654e+00  4.3127e+00  4.2864e+00  4.2561e+00  4.1967e+00  4.1028e+00
  3.9714e+00  3.8004e+00  3.6034e+00  3.4179e+00  3.2811e+00  3.1951e+00
  3.1259e+00  3.0351e+00  2.9165e+00  2.7892e+00  2.6699e+00  2.5622e+00
  2.4677e+00  2.3901e+00  2.3259e+00  2.2624e+00  2.1911e+00  2.1129e+00
  2.0321e+00  1.9519e+00  1.8739e+00  1.8005e+00  1.7368e+00  1.6908e+00
  1.6733e+00  1.6813e+00  1.6806e+00  1.6178e+00  1.4635e+00  1.2601e+00
  1.1249e+00  1.2265e+00  1.8153e+00  3.5570e+00  8.3883e+00  1.9825e+01
  4.3655e+01  8.3823e+01  1.3928e+02  2.0696e+02  2.8341e+02  3.6292e+02
  4.5076e+02  5.7905e+02  8.0690e+02  1.1902e+03  1.7454e+03  2.4360e+03
  3.1778e+03
# HDO profile (VMR-PPMV) for lat 45 degrees, month 01:
  1.6153e-02  1.7284e-02  1.8526e-02  1.9874e-02  2.1334e-02  2.2949e-02
  2.4769e-02  2.6823e-02  2.9094e-02  3.1536e-02  3.4109e-02  3.6894e-02
  4.0053e-02  4.3787e-02  4.8167e-02  5.3127e-02  5.8602e-02  6.4577e-02
  7.0688e-02  7.6584e-02  8.2262e-02  8.8062e-02  9.4043e-02  9.9873e-02
  1.0619e-01  1.1415e-01  1.2482e-01  1.3870e-01  1.5641e-01  1.7895e-01
  2.0726e-01  2.4240e-01  2.8604e-01  3.4012e-01  4.0662e-01  4.8654e-01
  5.7999e-01  6.8619e-01  8.0298e-01  9.2690e-01  1.0529e+00  1.1777e+00
  1.3018e+00  1.4291e+00  1.5642e+00  1.7089e+00  1.8622e+00  2.0211e+00
  2.1822e+00  2.3429e+00  2.5025e+00  2.6605e+00  2.8159e+00  2.9661e+00
  3.1107e+00  3.2518e+00  3.3905e+00  3.5245e+00  3.6512e+00  3.7721e+00
  3.8884e+00  3.9959e+00  4.0835e+00  4.1413e+00  4.1667e+00  4.1694e+00
  4.1664e+00  4.1694e+00  4.1780e+00  4.1836e+00  4.1807e+00  4.1696e+00
  4.1516e+00  4.1264e+00  4.0941e+00  4.0599e+00  4.0300e+00  4.0049e+00
  3.9799e+00  3.9501e+00  3.9138e+00  3.8670e+00  3.8075e+00  3.7377e+00
  3.6640e+00  3.5877e+00  3.5057e+00  3.4146e+00  3.3138e+00  3.2041e+00
  3.0889e+00  2.9732e+00  2.8602e+00  2.7520e+00  2.6508e+00  2.5579e+00
  2.4720e+00  2.3891e+00  2.3046e+00  2.2184e+00  2.1351e+00  2.0616e+00
  2.0001e+00  1.9478e+00  1.9029e+00  1.8778e+00  1.9136e+00  2.1158e+00
  2.7141e+00  4.0584e+00  7.0541e+00  1.3665e+01  2.6711e+01  4.6350e+01
  7.1740e+01  1.0497e+02  1.6108e+02  2.7321e+02  4.7681e+02  7.7481e+02
  1.1136e+03
# HDO profile (VMR-PPMV) for lat 75 degrees, month 01:
  1.6151e-02  1.7280e-02  1.8521e-02  1.9869e-02  2.1329e-02  2.2942e-02
  2.4759e-02  2.6811e-02  2.9081e-02  3.1522e-02  3.4093e-02  3.6878e-02
  4.0042e-02  4.3784e-02  4.8167e-02  5.3126e-02  5.8600e-02  6.4575e-02
  7.0676e-02  7.6372e-02  8.1135e-02  8.5305e-02  8.9445e-02  9.3887e-02
  9.8917e-02  1.0506e-01  1.1341e-01  1.2468e-01  1.3951e-01  1.5857e-01
  1.8262e-01  2.1243e-01  2.4900e-01  2.9418e-01  3.5001e-01  4.1733e-01
  4.9507e-01  5.8105e-01  6.7352e-01  7.7194e-01  8.7609e-01  9.8517e-01
  1.0968e+00  1.2073e+00  1.3147e+00  1.4211e+00  1.5314e+00  1.6478e+00
  1.7669e+00  1.8841e+00  1.9985e+00  2.1137e+00  2.2338e+00  2.3603e+00
  2.4925e+00  2.6277e+00  2.7636e+00  2.8994e+00  3.0353e+00  3.1709e+00
  3.3020e+00  3.4230e+00  3.5307e+00  3.6249e+00  3.7061e+00  3.7745e+00
  3.8312e+00  3.8784e+00  3.9190e+00  3.9546e+00  3.9866e+00  4.0139e+00
  4.0332e+00  4.0405e+00  4.0354e+00  4.0215e+00  4.0040e+00  3.9875e+00
  3.9732e+00  3.9596e+00  3.9430e+00  3.9204e+00  3.8907e+00  3.8546e+00
  3.8115e+00  3.7577e+00  3.6900e+00  3.6111e+00  3.5282e+00  3.4461e+00
  3.3648e+00  3.2800e+00  3.1885e+00  3.0879e+00  2.9785e+00  2.8629e+00
  2.7449e+00  2.6299e+00  2.5219e+00  2.4232e+00  2.3325e+00  2.2474e+00
  2.1659e+00  2.0879e+00  2.0119e+00  1.9350e+00  1.8644e+00  1.8404e+00
  1.9817e+00  2.5596e+00  4.0507e+00  7.2977e+00  1.3904e+01  2.4316e+01
  4.0484e+01  6.4319e+01  9.7868e+01  1.4467e+02  2.0851e+02  2.8987e+02
  3.7880e+02
# Last line of file.
