21-JAN-2014 12:01:56.000000
# V5 INTERIM FILE generated by J.J. Remedios and H. Sembhi
# HITRAN code of the gas:
 18
# DN:
1 1 1 1 1 1
# ClO profile (VMR-PPMV) for lat -75.0 degrees, month 01:
  3.0650e-11  4.5450e-11  6.7340e-11  9.9640e-11  1.4720e-10  2.1680e-10
  3.1840e-10  4.6600e-10  6.7920e-10  9.8490e-10  1.4200e-09  2.0340e-09
  2.8910e-09  4.0740e-09  5.6880e-09  7.8580e-09  1.0730e-08  1.4490e-08
  1.9300e-08  2.5360e-08  3.2860e-08  4.1980e-08  5.2860e-08  6.5620e-08
  8.0330e-08  9.7020e-08  1.1570e-07  1.3630e-07  1.5880e-07  1.8330e-07
  2.0970e-07  2.3810e-07  2.6860e-07  3.0160e-07  3.3730e-07  3.7630e-07
  4.1900e-07  4.6650e-07  5.1960e-07  5.7980e-07  6.4880e-07  7.2870e-07
  8.2250e-07  9.3420e-07  1.0700e-06  1.3305e-06  1.5870e-06  1.9162e-06
  2.3394e-06  2.8684e-06  3.5359e-06  4.3682e-06  5.3915e-06  6.6337e-06
  8.1225e-06  9.8874e-06  1.1961e-05  1.4380e-05  1.7190e-05  2.0453e-05
  2.4252e-05  2.8688e-05  3.3880e-05  3.9973e-05  4.7142e-05  5.5594e-05
  6.5561e-05  7.7278e-05  9.0990e-05  1.0693e-04  1.2530e-04  1.4622e-04
  1.6966e-04  1.9544e-04  2.2309e-04  2.5193e-04  2.9895e-04  3.4009e-04
  3.7453e-04  4.9319e-04  4.6278e-04  4.3425e-04  4.0748e-04  3.5382e-04
  3.0579e-04  2.6427e-04  1.8711e-04  1.2854e-04  8.8471e-05  6.5001e-05
  4.7757e-05  3.4654e-05  3.9154e-05  4.3087e-05  4.6902e-05  4.8836e-05
  4.8182e-05  4.5729e-05  4.2088e-05  3.8101e-05  3.2621e-05  2.7414e-05
  2.1850e-05  1.6660e-05  1.2430e-05  9.0500e-06  6.4230e-06  4.4650e-06
  3.0620e-06  2.0880e-06  1.4260e-06  9.8530e-07  6.9810e-07  5.2130e-07
  4.2340e-07  3.4860e-07  2.8210e-07  2.3000e-07  1.8920e-07  1.5570e-07
  1.3010e-07
# ClO profile (VMR-PPMV) for lat -45.0 degrees, month 01:
  3.0610e-11  4.5390e-11  6.7230e-11  9.9450e-11  1.4680e-10  2.1620e-10
  3.1730e-10  4.6410e-10  6.7580e-10  9.7910e-10  1.4100e-09  2.0160e-09
  2.8620e-09  4.0260e-09  5.6080e-09  7.7280e-09  1.0530e-08  1.4160e-08
  1.8790e-08  2.4600e-08  3.1730e-08  4.0340e-08  5.0530e-08  6.2360e-08
  7.5860e-08  9.1010e-08  1.0780e-07  1.2600e-07  1.4580e-07  1.6690e-07
  1.8940e-07  2.1330e-07  2.3870e-07  2.6580e-07  2.9490e-07  3.2630e-07
  3.6060e-07  3.9840e-07  4.4060e-07  4.8850e-07  5.4340e-07  6.0720e-07
  6.8260e-07  7.7310e-07  8.8430e-07  1.1064e-06  1.3275e-06  1.6189e-06
  2.0046e-06  2.5026e-06  3.1521e-06  3.9889e-06  5.0508e-06  6.3777e-06
  8.0085e-06  9.9796e-06  1.2325e-05  1.5083e-05  1.8305e-05  2.2063e-05
  2.6443e-05  3.1537e-05  3.7445e-05  4.4322e-05  5.2356e-05  6.1742e-05
  7.2669e-05  8.5371e-05  1.0008e-04  1.1705e-04  1.3649e-04  1.5843e-04
  1.8281e-04  2.0938e-04  2.3757e-04  2.6662e-04  2.9551e-04  3.3472e-04
  3.7014e-04  4.0145e-04  4.8253e-04  4.7647e-04  4.7048e-04  4.4424e-04
  4.0089e-04  3.6177e-04  3.3581e-04  3.1936e-04  3.0371e-04  2.7112e-04
  2.3793e-04  2.0834e-04  1.6810e-04  1.3672e-04  1.1499e-04  9.9120e-05
  8.3190e-05  6.6382e-05  5.1212e-05  4.1191e-05  3.1602e-05  2.3963e-05
  1.2150e-05  8.4180e-06  5.7600e-06  3.8820e-06  2.5760e-06  1.7110e-06
  1.1640e-06  7.9730e-07  5.3990e-07  3.5970e-07  2.5140e-07  1.7780e-07
  1.3810e-07  1.0660e-07  8.2070e-08  6.4480e-08  5.3210e-08  4.5500e-08
  3.9480e-08
# ClO profile (VMR-PPMV) for lat -10. degrees, month 01:
  3.0580e-11  4.5330e-11  6.7130e-11  9.9260e-11  1.4650e-10  2.1560e-10
  3.1630e-10  4.6230e-10  6.7270e-10  9.7370e-10  1.4010e-09  2.0010e-09
  2.8350e-09  3.9810e-09  5.5350e-09  7.6100e-09  1.0340e-08  1.3860e-08
  1.8340e-08  2.3910e-08  3.0710e-08  3.8860e-08  4.8420e-08  5.9420e-08
  7.1850e-08  8.5650e-08  1.0070e-07  1.1690e-07  1.3420e-07  1.5240e-07
  1.7150e-07  1.9150e-07  2.1230e-07  2.3420e-07  2.5720e-07  2.8170e-07
  3.0790e-07  3.3640e-07  3.6770e-07  4.0260e-07  4.4190e-07  4.8700e-07
  5.3940e-07  6.0130e-07  6.7540e-07  8.1523e-07  9.5530e-07  1.1386e-06
  1.3809e-06  1.6962e-06  2.1140e-06  2.6647e-06  3.3843e-06  4.3126e-06
  5.4915e-06  6.9641e-06  8.7723e-06  1.0959e-05  1.3561e-05  1.6625e-05
  2.0209e-05  2.4378e-05  2.9203e-05  3.4757e-05  4.1135e-05  4.8455e-05
  5.6834e-05  6.6375e-05  7.7176e-05  8.9332e-05  1.0292e-04  1.1806e-04
  1.3482e-04  1.5313e-04  1.7294e-04  1.9398e-04  2.1582e-04  2.3784e-04
  2.6431e-04  2.8325e-04  2.9408e-04  3.5633e-04  3.2217e-04  2.9128e-04
  2.6850e-04  2.4996e-04  2.3270e-04  2.4226e-04  2.5777e-04  2.6306e-04
  2.3209e-04  2.0476e-04  1.7115e-04  1.3937e-04  1.1313e-04  9.1109e-05
  7.2091e-05  5.3801e-05  3.8626e-05  3.2450e-05  2.4021e-05  1.7926e-05
  8.1400e-06  6.1820e-06  4.6150e-06  3.3400e-06  2.2550e-06  1.3420e-06
  7.7750e-07  4.3580e-07  2.3110e-07  1.2350e-07  7.0020e-08  4.3440e-08
  3.2710e-08  2.7630e-08  2.4760e-08  2.2640e-08  2.0570e-08  1.8370e-08
  1.6780e-08
# ClO profile (VMR-PPMV) for lat 10. degrees, month 01:
  3.0590e-11  4.5350e-11  6.7170e-11  9.9330e-11  1.4660e-10  2.1580e-10
  3.1670e-10  4.6300e-10  6.7380e-10  9.7560e-10  1.4040e-09  2.0060e-09
  2.8440e-09  3.9970e-09  5.5600e-09  7.6510e-09  1.0400e-08  1.3970e-08
  1.8500e-08  2.4150e-08  3.1060e-08  3.9370e-08  4.9140e-08  6.0420e-08
  7.3210e-08  8.7460e-08  1.0310e-07  1.2000e-07  1.3800e-07  1.5720e-07
  1.7730e-07  1.9840e-07  2.2060e-07  2.4390e-07  2.6860e-07  2.9490e-07
  3.2320e-07  3.5390e-07  3.8760e-07  4.2510e-07  4.6740e-07  5.1570e-07
  5.7170e-07  6.3740e-07  7.1580e-07  8.6049e-07  1.0055e-06  1.1941e-06
  1.4427e-06  1.7659e-06  2.1934e-06  2.7573e-06  3.4949e-06  4.4489e-06
  5.6642e-06  7.1866e-06  9.0651e-06  1.1347e-05  1.4075e-05  1.7310e-05
  2.1116e-05  2.5567e-05  3.0748e-05  3.6749e-05  4.3698e-05  5.1752e-05
  6.1070e-05  7.1801e-05  8.4108e-05  9.8130e-05  1.1401e-04  1.3191e-04
  1.5191e-04  1.7400e-04  1.9802e-04  2.2347e-04  2.4967e-04  2.7555e-04
  2.9656e-04  3.1031e-04  3.1611e-04  3.4412e-04  3.2609e-04  3.0901e-04
  2.8277e-04  2.5363e-04  2.2749e-04  2.3382e-04  2.4778e-04  2.5375e-04
  2.2722e-04  2.0346e-04  1.7326e-04  1.4361e-04  1.1712e-04  8.7830e-05
  6.5921e-05  4.3733e-05  2.9187e-05  2.8145e-05  2.0173e-05  1.5101e-05
  7.6610e-06  5.6570e-06  4.1120e-06  2.8990e-06  1.8690e-06  1.0710e-06
  6.2220e-07  3.5490e-07  1.9690e-07  1.1150e-07  6.7010e-08  4.4730e-08
  3.6420e-08  3.2570e-08  2.9730e-08  2.7350e-08  2.4970e-08  2.2400e-08
  2.0560e-08
# ClO profile (VMR-PPMV) for lat 45 degrees, month 01:
  3.0670e-11  4.5480e-11  6.7400e-11  9.9740e-11  1.4730e-10  2.1710e-10
  3.1900e-10  4.6700e-10  6.8090e-10  9.8780e-10  1.4250e-09  2.0420e-09
  2.9050e-09  4.0980e-09  5.7270e-09  7.9220e-09  1.0840e-08  1.4650e-08
  1.9540e-08  2.5730e-08  3.3420e-08  4.2780e-08  5.4000e-08  6.7210e-08
  8.2480e-08  9.9890e-08  1.1940e-07  1.4110e-07  1.6490e-07  1.9070e-07
  2.1860e-07  2.4870e-07  2.8100e-07  3.1560e-07  3.5300e-07  3.9330e-07
  4.3700e-07  4.8470e-07  5.3680e-07  5.9430e-07  6.5790e-07  7.2890e-07
  8.0850e-07  8.9850e-07  1.0010e-06  1.1550e-06  1.3066e-06  1.4897e-06
  1.7158e-06  1.9953e-06  2.3521e-06  2.8135e-06  3.4141e-06  4.1980e-06
  5.2175e-06  6.5335e-06  8.2149e-06  1.0341e-05  1.3001e-05  1.6300e-05
  2.0357e-05  2.5315e-05  3.1339e-05  3.8633e-05  4.7438e-05  5.8029e-05
  7.0701e-05  8.5734e-05  1.0341e-04  1.2395e-04  1.4747e-04  1.7393e-04
  2.0308e-04  2.3440e-04  2.6709e-04  3.0008e-04  3.3200e-04  3.6121e-04
  3.8604e-04  4.0586e-04  4.1715e-04  4.1949e-04  4.5120e-04  4.2843e-04
  4.0045e-04  3.4948e-04  3.0501e-04  2.7515e-04  2.5821e-04  2.4230e-04
  2.2163e-04  2.0203e-04  1.8196e-04  1.6063e-04  1.4278e-04  1.3403e-04
  1.2679e-04  1.1908e-04  1.1062e-04  9.8737e-05  8.9236e-05  7.9328e-05
  6.9360e-05  5.9210e-05  4.9010e-05  3.9340e-05  3.0420e-05  2.2470e-05
  1.5810e-05  1.0620e-05  6.9100e-06  4.4180e-06  2.8960e-06  1.8810e-06
  1.3940e-06  9.5070e-07  6.5160e-07  4.5410e-07  3.1880e-07  2.2070e-07
  1.5460e-07
# ClO profile (VMR-PPMV) for lat 75 degrees, month 01:
  3.1300e-11  4.6630e-11  6.9450e-11  1.0340e-10  1.5390e-10  2.2880e-10
  3.3980e-10  5.0390e-10  7.4600e-10  1.1020e-09  1.6250e-09  2.3890e-09
  3.5020e-09  5.1160e-09  7.4440e-09  1.0790e-08  1.5560e-08  2.2330e-08
  3.1890e-08  4.5280e-08  6.3930e-08  8.9730e-08  1.2520e-07  1.7360e-07
  2.3930e-07  3.2800e-07  4.4700e-07  6.0590e-07  8.1700e-07  1.0960e-06
  1.4640e-06  1.9460e-06  2.5760e-06  3.3960e-06  4.4590e-06  5.8280e-06
  7.5840e-06  9.8220e-06  1.2650e-05  1.6200e-05  2.0590e-05  2.5960e-05
  3.2410e-05  4.0000e-05  4.8680e-05  5.8856e-05  6.7834e-05  7.6497e-05
  8.4439e-05  9.1279e-05  9.7074e-05  1.0187e-04  1.0583e-04  1.0920e-04
  1.1217e-04  1.1493e-04  1.1760e-04  1.2026e-04  1.2297e-04  1.2576e-04
  1.2867e-04  1.3170e-04  1.3489e-04  1.3829e-04  1.4198e-04  1.4607e-04
  1.5063e-04  1.5581e-04  1.6169e-04  1.6833e-04  1.7579e-04  1.8399e-04
  1.9274e-04  2.0176e-04  2.1054e-04  2.1848e-04  2.2484e-04  2.2887e-04
  2.2984e-04  2.2718e-04  2.5664e-04  2.8562e-04  3.1557e-04  4.4291e-04
  4.0919e-04  3.7802e-04  3.3609e-04  2.9252e-04  2.5460e-04  2.2995e-04
  2.0788e-04  1.8415e-04  1.4869e-04  1.1947e-04  8.9689e-05  7.0149e-05
  7.7717e-05  9.3290e-05  1.0520e-04  9.1565e-05  9.4796e-05  9.3278e-05
  9.6880e-05  9.0280e-05  7.8180e-05  6.4170e-05  5.0180e-05  3.7320e-05
  2.6110e-05  1.7010e-05  1.0710e-05  6.8090e-06  4.4790e-06  2.8310e-06
  2.0980e-06  1.3490e-06  8.5910e-07  5.6120e-07  3.5860e-07  2.1170e-07
  1.2680e-07
# ClO profile (VMR-PPMV) for lat -75.0 degrees, month 01:
  3.0660e-11  4.5480e-11  6.7390e-11  9.9720e-11  1.4730e-10  2.1700e-10
  3.1880e-10  4.6680e-10  6.8050e-10  9.8720e-10  1.4240e-09  2.0410e-09
  2.9020e-09  4.0930e-09  5.7200e-09  7.9100e-09  1.0820e-08  1.4620e-08
  1.9500e-08  2.5670e-08  3.3320e-08  4.2650e-08  5.3810e-08  6.6960e-08
  8.2160e-08  9.9490e-08  1.1900e-07  1.4060e-07  1.6430e-07  1.9020e-07
  2.1830e-07  2.4870e-07  2.8160e-07  3.1730e-07  3.5610e-07  3.9860e-07
  4.4550e-07  4.9760e-07  5.5620e-07  6.2270e-07  6.9910e-07  7.8780e-07
  8.9190e-07  1.0160e-06  1.1670e-06  1.4556e-06  1.7394e-06  2.1036e-06
  2.5715e-06  3.1561e-06  3.8937e-06  4.8139e-06  5.9467e-06  7.3246e-06
  8.9813e-06  1.0954e-05  1.3284e-05  1.6021e-05  1.9221e-05  2.2965e-05
  2.7357e-05  3.2521e-05  3.8600e-05  4.5761e-05  5.4205e-05  6.4157e-05
  7.5849e-05  8.9499e-05  1.0527e-04  1.2329e-04  1.4362e-04  1.6618e-04
  1.9073e-04  2.1683e-04  2.4381e-04  2.7080e-04  3.1426e-04  3.5166e-04
  3.8252e-04  4.9319e-04  4.6278e-04  4.3425e-04  4.0748e-04  3.5382e-04
  3.0579e-04  2.6427e-04  1.8711e-04  1.2854e-04  8.8471e-05  6.5001e-05
  4.7757e-05  3.4654e-05  3.4034e-05  3.3807e-05  3.4647e-05  3.4732e-05
  3.3222e-05  3.0741e-05  2.7654e-05  2.4652e-05  2.0861e-05  1.7355e-05
  1.3360e-05  1.0120e-05  7.5070e-06  5.4370e-06  3.8470e-06  2.6640e-06
  1.8140e-06  1.2260e-06  8.3230e-07  5.8120e-07  4.3110e-07  3.4060e-07
  2.8430e-07  2.4510e-07  2.1020e-07  1.8340e-07  1.6180e-07  1.3960e-07
  1.1800e-07
# ClO profile (VMR-PPMV) for lat -45.0 degrees, month 01:
  3.1240e-11  4.6520e-11  6.9250e-11  1.0310e-10  1.5320e-10  2.2760e-10
  3.3770e-10  5.0020e-10  7.3950e-10  1.0910e-09  1.6050e-09  2.3530e-09
  3.4390e-09  5.0070e-09  7.2580e-09  1.0470e-08  1.5030e-08  2.1450e-08
  3.0420e-08  4.2880e-08  6.0060e-08  8.3560e-08  1.1550e-07  1.5850e-07
  2.1600e-07  2.9260e-07  3.9380e-07  5.2680e-07  7.0080e-07  9.2710e-07
  1.2200e-06  1.5990e-06  2.0860e-06  2.7090e-06  3.5040e-06  4.5150e-06
  5.7930e-06  7.4010e-06  9.4110e-06  1.1900e-05  1.4970e-05  1.8690e-05
  2.3160e-05  2.8420e-05  3.4470e-05  4.2043e-05  4.8830e-05  5.5716e-05
  6.2491e-05  6.8870e-05  7.4908e-05  8.0588e-05  8.5944e-05  9.1031e-05
  9.5899e-05  1.0055e-04  1.0497e-04  1.0916e-04  1.1313e-04  1.1695e-04
  1.2076e-04  1.2468e-04  1.2886e-04  1.3349e-04  1.3876e-04  1.4486e-04
  1.5187e-04  1.5988e-04  1.6889e-04  1.7881e-04  1.8947e-04  2.0047e-04
  2.1129e-04  2.2128e-04  2.2963e-04  2.3554e-04  2.3819e-04  2.7407e-04
  3.1281e-04  3.5592e-04  4.8253e-04  4.7647e-04  4.7048e-04  4.4424e-04
  4.0089e-04  3.6177e-04  3.3581e-04  3.1936e-04  3.0371e-04  2.7112e-04
  2.3793e-04  2.0834e-04  1.5137e-04  1.0854e-04  8.0159e-05  6.1625e-05
  4.6064e-05  3.1713e-05  2.0336e-05  1.4249e-05  9.6448e-06  6.4513e-06
  2.4440e-07  1.9590e-07  1.6010e-07  1.3000e-07  1.0240e-07  8.4340e-08
  7.6830e-08  7.0670e-08  6.3760e-08  5.7110e-08  5.5190e-08  5.3990e-08
  5.3550e-08  5.0690e-08  4.6540e-08  4.3400e-08  4.1020e-08  3.8930e-08
  3.5500e-08
# ClO profile (VMR-PPMV) for lat -10. degrees, month 01:
  3.1290e-11  4.6610e-11  6.9410e-11  1.0330e-10  1.5380e-10  2.2860e-10
  3.3940e-10  5.0320e-10  7.4490e-10  1.1000e-09  1.6210e-09  2.3830e-09
  3.4910e-09  5.0960e-09  7.4100e-09  1.0730e-08  1.5460e-08  2.2170e-08
  3.1620e-08  4.4840e-08  6.3210e-08  8.8570e-08  1.2340e-07  1.7070e-07
  2.3490e-07  3.2130e-07  4.3680e-07  5.9070e-07  7.9450e-07  1.0630e-06
  1.4160e-06  1.8780e-06  2.4790e-06  3.2580e-06  4.2650e-06  5.5600e-06
  7.2150e-06  9.3190e-06  1.1970e-05  1.5290e-05  1.9390e-05  2.4380e-05
  3.0380e-05  3.7430e-05  4.5470e-05  5.4919e-05  6.3274e-05  7.1380e-05
  7.8912e-05  8.5541e-05  9.1359e-05  9.6417e-05  1.0086e-04  1.0486e-04
  1.0856e-04  1.1203e-04  1.1525e-04  1.1819e-04  1.2078e-04  1.2300e-04
  1.2488e-04  1.2647e-04  1.2785e-04  1.2913e-04  1.3041e-04  1.3181e-04
  1.3341e-04  1.3520e-04  1.3715e-04  1.3912e-04  1.4097e-04  1.4248e-04
  1.4338e-04  1.4335e-04  1.4203e-04  1.3908e-04  1.3424e-04  1.2726e-04
  1.5686e-04  1.8747e-04  2.2031e-04  3.5633e-04  3.2217e-04  2.9128e-04
  2.6850e-04  2.4996e-04  2.3270e-04  2.4226e-04  2.5777e-04  2.6306e-04
  2.3209e-04  2.0476e-04  1.5598e-04  1.1397e-04  8.2002e-05  5.8036e-05
  3.9934e-05  2.4551e-05  1.3504e-05  1.1150e-05  7.0412e-06  4.5461e-06
  2.1500e-08  3.5570e-08  5.6360e-08  8.4020e-08  1.1730e-07  1.4670e-07
  1.5030e-07  1.1680e-07  7.8050e-08  5.1470e-08  3.5750e-08  2.7000e-08
  2.3610e-08  2.2380e-08  2.1560e-08  2.0680e-08  1.9550e-08  1.8070e-08
  1.6980e-08
# ClO profile (VMR-PPMV) for lat 10. degrees, month 01:
  3.1300e-11  4.6630e-11  6.9450e-11  1.0340e-10  1.5390e-10  2.2880e-10
  3.3980e-10  5.0390e-10  7.4600e-10  1.1020e-09  1.6250e-09  2.3890e-09
  3.5020e-09  5.1150e-09  7.4440e-09  1.0790e-08  1.5560e-08  2.2330e-08
  3.1880e-08  4.5270e-08  6.3920e-08  8.9710e-08  1.2510e-07  1.7350e-07
  2.3920e-07  3.2790e-07  4.4680e-07  6.0560e-07  8.1660e-07  1.0960e-06
  1.4630e-06  1.9450e-06  2.5750e-06  3.3940e-06  4.4560e-06  5.8250e-06
  7.5810e-06  9.8200e-06  1.2650e-05  1.6200e-05  2.0600e-05  2.5970e-05
  3.2440e-05  4.0070e-05  4.8790e-05  5.9083e-05  6.8178e-05  7.7000e-05
  8.5186e-05  9.2363e-05  9.8621e-05  1.0400e-04  1.0864e-04  1.1274e-04
  1.1644e-04  1.1983e-04  1.2293e-04  1.2573e-04  1.2817e-04  1.3026e-04
  1.3202e-04  1.3351e-04  1.3481e-04  1.3603e-04  1.3734e-04  1.3884e-04
  1.4066e-04  1.4286e-04  1.4539e-04  1.4817e-04  1.5102e-04  1.5373e-04
  1.5600e-04  1.5748e-04  1.5770e-04  1.5614e-04  1.5235e-04  1.4587e-04
  1.7125e-04  1.9910e-04  2.3068e-04  3.4412e-04  3.2609e-04  3.0901e-04
  2.8277e-04  2.5363e-04  2.2749e-04  2.3382e-04  2.4778e-04  2.5375e-04
  2.2722e-04  2.0346e-04  1.5910e-04  1.2005e-04  8.8308e-05  5.7189e-05
  3.6013e-05  1.6437e-05  5.7784e-06  8.3464e-06  4.3975e-06  2.6860e-06
  5.7620e-08  7.7060e-08  9.9480e-08  1.2130e-07  1.3660e-07  1.4560e-07
  1.3330e-07  9.7910e-08  6.6780e-08  4.5580e-08  3.2860e-08  2.6140e-08
  2.4030e-08  2.3450e-08  2.2810e-08  2.2020e-08  2.0990e-08  1.9620e-08
  1.8600e-08
# ClO profile (VMR-PPMV) for lat 45 degrees, month 01:
  3.1340e-11  4.6680e-11  6.9550e-11  1.0360e-10  1.5420e-10  2.2940e-10
  3.4080e-10  5.0580e-10  7.4930e-10  1.1080e-09  1.6350e-09  2.4070e-09
  3.5340e-09  5.1710e-09  7.5390e-09  1.0950e-08  1.5830e-08  2.2790e-08
  3.2650e-08  4.6530e-08  6.5960e-08  9.2990e-08  1.3040e-07  1.8170e-07
  2.5190e-07  3.4740e-07  4.7640e-07  6.5000e-07  8.8260e-07  1.1930e-06
  1.6050e-06  2.1500e-06  2.8680e-06  3.8100e-06  5.0400e-06  6.6400e-06
  8.7080e-06  1.1360e-05  1.4750e-05  1.9020e-05  2.4340e-05  3.0890e-05
  3.8820e-05  4.8180e-05  5.8920e-05  7.1567e-05  8.2655e-05  9.3305e-05
  1.0299e-04  1.1121e-04  1.1803e-04  1.2350e-04  1.2783e-04  1.3128e-04
  1.3410e-04  1.3649e-04  1.3857e-04  1.4044e-04  1.4214e-04  1.4375e-04
  1.4536e-04  1.4706e-04  1.4901e-04  1.5139e-04  1.5438e-04  1.5823e-04
  1.6313e-04  1.6923e-04  1.7666e-04  1.8539e-04  1.9534e-04  2.0624e-04
  2.1765e-04  2.2893e-04  2.3922e-04  2.4753e-04  2.5275e-04  2.5380e-04
  2.4981e-04  2.7657e-04  3.0413e-04  3.3351e-04  4.5120e-04  4.2843e-04
  4.0045e-04  3.4948e-04  3.0501e-04  2.7515e-04  2.5821e-04  2.4230e-04
  2.2163e-04  2.0203e-04  1.6508e-04  1.2988e-04  1.0072e-04  8.2619e-05
  6.7469e-05  5.3417e-05  4.0446e-05  2.8061e-05  2.3028e-05  1.9132e-05
  1.0540e-05  1.1260e-05  1.1240e-05  1.0530e-05  9.1980e-06  7.3630e-06
  5.3210e-06  3.4490e-06  2.1060e-06  1.3250e-06  9.0220e-07  6.0920e-07
  4.6150e-07  3.2170e-07  2.3450e-07  1.8190e-07  1.4080e-07  1.0000e-07
  6.8190e-08
# ClO profile (VMR-PPMV) for lat 75 degrees, month 01:
  3.1360e-11  4.6720e-11  6.9610e-11  1.0370e-10  1.5440e-10  2.2980e-10
  3.4150e-10  5.0700e-10  7.5150e-10  1.1120e-09  1.6420e-09  2.4190e-09
  3.5550e-09  5.2070e-09  7.6020e-09  1.1060e-08  1.6020e-08  2.3100e-08
  3.3160e-08  4.7370e-08  6.7330e-08  9.5200e-08  1.3390e-07  1.8730e-07
  2.6060e-07  3.6080e-07  4.9680e-07  6.8090e-07  9.2880e-07  1.2610e-06
  1.7050e-06  2.2950e-06  3.0770e-06  4.1090e-06  5.4650e-06  7.2370e-06
  9.5400e-06  1.2510e-05  1.6320e-05  2.1140e-05  2.7190e-05  3.4650e-05
  4.3710e-05  5.4450e-05  6.6790e-05  8.1321e-05  9.4027e-05  1.0616e-04
  1.1710e-04  1.2624e-04  1.3363e-04  1.3931e-04  1.4350e-04  1.4651e-04
  1.4863e-04  1.5015e-04  1.5124e-04  1.5207e-04  1.5275e-04  1.5335e-04
  1.5398e-04  1.5470e-04  1.5560e-04  1.5681e-04  1.5843e-04  1.6061e-04
  1.6346e-04  1.6713e-04  1.7170e-04  1.7724e-04  1.8375e-04  1.9114e-04
  1.9922e-04  2.0762e-04  2.1585e-04  2.2330e-04  2.2920e-04  2.3281e-04
  2.3341e-04  2.3046e-04  2.5933e-04  2.8773e-04  3.1709e-04  4.4291e-04
  4.0919e-04  3.7802e-04  3.3609e-04  2.9252e-04  2.5460e-04  2.2995e-04
  2.0788e-04  1.8415e-04  1.4833e-04  1.1860e-04  8.8087e-05  6.7385e-05
  7.3307e-05  8.6648e-05  9.5908e-05  7.9893e-05  8.2596e-05  8.1351e-05
  8.2520e-05  7.8810e-05  6.9650e-05  5.8090e-05  4.5980e-05  3.4460e-05
  2.4210e-05  1.5770e-05  9.9050e-06  6.2730e-06  4.1020e-06  2.5720e-06
  1.9060e-06  1.2160e-06  7.6120e-07  4.8830e-07  3.0530e-07  1.7580e-07
  1.0280e-07
# Last line of file.
